351.5
384.8
345.9
343.6
355.5
353.9
346.9
338.9
335.0
332.6
340.9
339.9
339.7
338.8
338.5
339.0
339.5
339.0
343.1
343.2
337.3
334.3
341.6
341.3
344.8
343.8
344.2
342.9
342.8
344.3
345.7
343.5
341.1
337.8
335.3
342.1
341.3
341.7
341.8
342.0
341.5
341.7
341.0
340.4
340.6
340.1
337.7
333.9
341.7
340.3
340.2
340.3
340.0
340.1
340.2
340.0
340.2
340.0
339.7
335.5
334.4
339.4
339.7
339.3
339.4
339.3
339.9
340.3
340.3
340.3
340.1
340.6
336.6
336.6
337.1
338.2
340.0
339.3
338.9
339.6
340.4
340.7
340.0
340.8
341.0
340.0
338.9
338.2
338.2
339.4
340.6
340.2
340.1
340.0
341.0
341.0
340.4
340.3
340.3
340.4
338.6
338.9
339.8
339.2
339.2
338.8
340.3
340.2
339.9
340.6
341.3
340.4
340.5
340.8
341.4
342.0
342.1
341.7
339.6
340.5
340.5
340.7
340.3
344.9
341.3
342.7
342.3
343.3
343.2
342.8
343.0
342.7
342.5
342.5
342.7
342.8
342.4
342.1
342.0
341.9
339.1
338.6
339.6
341.6
341.6
341.3
341.0
341.0
340.6
340.5
340.4
340.3
340.3
340.0
339.4
339.5
337.5
337.2
343.3
339.2
339.0
339.0
338.6
338.4
338.3
338.2
338.2
337.8
337.7
337.6
337.3
337.8
337.2
334.8
334.4
336.0
337.5
337.3
337.4
337.1
337.2
337.3
337.1
337.1
337.4
337.3
337.5
337.6
337.8
337.0
336.2
335.6
337.7
338.1
337.9
338.2
338.4
338.6
338.7
340.0
339.9
340.7
340.0
341.0
341.4
342.0
339.7
337.4
340.5
340.8
341.3
341.0
340.8
341.1
341.3
340.7
340.2
340.1
339.6
339.6
339.1
339.4
339.6
338.2
335.3
334.2
338.3
339.2
339.3
339.1
339.0
339.4
339.3
339.4
341.5
340.4
341.1
340.5
341.1
341.0
338.9
335.2
333.6
336.7
340.2
339.7
340.0
339.0
338.4
338.1
337.8
337.7
337.6
339.4
340.4
340.5
345.6
345.5
337.0
334.2
335.7
340.5
348.4
350.5
350.8
337.2
334.4
336.9
355.5
352.2
343.0
336.9
336.4
336.2
335.8
335.1
334.7
335.4
334.6
334.6
334.5
335.2
335.2
335.5
335.6
335.8
334.1
332.0
334.1
335.3
335.0
334.5
334.6
334.9
336.4
337.0
336.1
335.3
335.3
335.2
335.2
335.1
335.1
335.3
334.8
332.1
330.5
333.6
336.1
335.4
335.4
335.8
336.9
337.1
335.9
336.8
337.1
338.6
338.7
337.1
337.3
335.2
333.8
331.7
335.8
338.4
337.5
337.7
337.9
337.7
338.4
339.4
339.5
339.8
339.9
340.2
340.4
340.1
339.2
335.6
333.2
336.3
340.3
339.8
339.3
339.3
339.4
339.1
339.5
339.8
340.2
340.6
339.9
339.9
340.7
338.4
335.6
336.7
340.2
340.7
341.0
340.8
341.9
340.3
339.6
339.7
339.8
339.3
339.0
339.0
339.5
338.8
336.8
334.8
338.0
339.5
339.3
339.3
339.4
339.5
339.9
340.0
339.8
339.7
339.7
339.7
339.8
340.3
338.5
336.5
339.9
340.1
339.9
339.9
339.9
340.5
340.5
340.9
340.6
340.4
340.3
340.2
340.8
340.9
340.9
339.5
338.4
341.9
341.8
342.4
342.8
342.5
342.9
343.4
343.6
344.0
344.2
344.6
344.8
344.1
344.9
343.9
340.3
339.7
342.2
343.8
343.2
343.1
342.5
343.3
342.8
342.6
342.6
343.1
343.2
343.5
343.5
342.1
341.3
341.5
342.8
343.8
344.2
344.5
344.4
344.1
343.8
343.8
344.3
344.5
345.2
346.2
347.3
347.2
346.8
345.0
344.3
341.7
342.3
342.9
341.9
341.7
341.3
341.3
341.7
342.3
343.9
340.9
341.2
341.2
341.9
341.8
343.2
344.5
344.3
343.6
343.4
344.0
343.8
342.7
343.2
342.9
342.0
341.7
339.6
339.3
341.8
342.9
342.7
342.6
342.3
341.8
341.8
341.2
341.3
340.5
341.2
341.2
340.5
341.5
338.8
338.0
341.5
343.0
343.3
342.5
342.5
342.3
342.1
341.7
341.8
341.7
341.6
341.8
341.8
342.1
339.7
337.7
342.5
341.0
340.7
340.8
341.2
341.7
342.7
342.3
341.0
341.6
340.0
340.5
340.0
340.6
337.3
333.9
340.8
340.5
340.4
340.1
340.1
340.2
339.9
339.8
340.1
340.4
339.8
340.1
339.7
340.1
338.1
332.7
331.3
337.7
339.0
338.0
337.8
337.4
337.4
337.7
337.0
337.2
337.2
339.6
338.8
337.4
334.7
331.8
330.6
334.8
336.4
335.8
335.0
334.6
334.8
334.3
334.4
334.2
334.3
334.5
334.3
334.1
332.8
330.9
330.5
332.9
333.6
333.7
333.6
333.5
333.5
333.5
333.7
332.7
332.7
332.5
332.5
333.3
331.8
330.6
329.8
332.2
333.0
332.7
332.4
332.4
332.0
331.7
331.6
331.6
330.5
329.9
329.4
331.5
331.5
331.1
330.7
331.3
331.2
331.3
331.0
330.8
330.8
330.9
330.6
330.4
330.6
330.6
330.3
330.5
329.6
329.2
332.5
330.4
330.6
330.2
330.2
330.6
329.8
329.7
330.4
331.1
331.0
331.1
331.3
330.9
331.3
331.7
331.6
332.1
332.2
332.1
332.2
332.2
332.6
331.5
330.9
332.9
333.0
332.9
332.6
332.6
332.7
332.9
333.2
333.0
333.1
333.2
333.0
333.1
333.9
332.4
330.9
333.7
333.8
334.0
334.0
334.0
334.7
334.2
335.0
334.8
334.9
334.7
334.3
334.7
334.7
332.7
331.0
333.7
334.6
334.7
334.4
334.3
334.4
335.8
335.9
337.1
335.3
336.5
335.3
334.9
334.8
332.2
332.2
334.1
336.0
336.0
335.3
336.2
336.2
335.7
336.2
337.2
337.0
336.3
337.2
337.5
337.2
335.1
334.1
336.5
339.5
339.9
340.7
341.5
341.5
341.2
341.5
341.1
341.2
340.8
341.1
340.8
341.1
339.2
337.3
341.5
341.6
341.7
341.7
342.1
342.4
342.4
342.8
342.5
341.6
340.0
340.0
340.0
339.4
339.1
338.8
339.7
339.8
339.9
340.1
340.7
341.1
341.5
342.0
342.2
342.4
342.3
342.4
342.4
342.6
341.1
340.4
344.1
343.3
343.1
343.5
343.7
344.3
344.7
344.5
345.4
345.6
345.1
344.6
345.4
345.6
342.9
343.5
349.3
343.6
343.9
343.9
343.0
342.7
342.6
342.6
345.2
345.3
345.8
345.5
345.5
346.0
346.0
346.2
346.3
346.4
345.1
343.7
343.6
344.3
345.5
345.6
345.2
345.0
345.4
344.9
345.6
342.9
342.3
345.6
345.2
345.2
345.2
344.9
344.7
344.8
344.6
344.7
344.7
344.3
343.9
343.8
342.7
342.3
341.9
342.0
342.0
342.4
341.7
341.5
341.2
341.1
341.7
341.2
341.8
342.2
342.2
342.0
342.0
342.4
341.7
339.5
338.8
341.2
341.9
342.0
341.9
342.0
342.2
342.2
342.3
342.0
342.1
342.7
342.8
342.9
343.2
342.5
339.5
336.9
341.5
343.1
342.7
342.5
342.3
341.7
341.1
340.4
340.3
339.7
338.9
338.7
338.2
338.2
337.6
336.6
335.6
339.4
336.7
337.1
336.5
336.4
335.9
336.5
336.6
337.8
336.5
337.6
337.9
337.3
337.3
337.3
333.7
333.1
332.7
334.2
335.6
335.5
335.4
334.5
334.4
334.4
333.7
333.5
333.7
333.1
332.5
332.6
331.7
331.5
330.7
330.0
333.2
331.2
331.3
332.6
332.1
332.1
332.9
333.5
332.4
332.1
331.9
331.6
332.1
331.2
331.7
330.7
330.4
330.4
330.6
330.8
331.0
331.1
331.2
331.4
331.1
331.0
331.1
330.9
330.8
330.8
331.0
331.0
330.9
330.6
329.9
331.3
330.5
330.5
330.5
330.1
330.1
330.1
329.6
329.4
329.3
328.9
329.0
328.5
328.2
328.6
328.9
330.2
329.5
328.4
327.9
328.2
328.6
328.7
328.8
328.9
329.3
329.1
329.4
329.6
330.0
330.1
330.2
330.3
330.6
330.5
330.8
330.8
331.1
331.1
331.1
331.2
331.4
331.5
331.8
331.8
331.7
331.6
332.2
332.1
332.5
332.8
332.1
332.3
331.1
330.6
330.6
330.5
330.2
332.3
332.7
332.2
332.7
332.7
332.9
333.3
333.8
334.7
335.0
334.9
335.3
335.4
335.2
333.2
331.8
331.4
333.4
334.6
334.1
334.5
334.6
335.2
334.9
335.1
335.4
335.7
335.7
336.0
335.9
336.7
336.3
335.2
333.5
336.2
337.2
337.4
337.7
337.8
338.1
338.3
338.5
338.6
338.6
338.9
339.0
339.3
339.2
339.9
338.7
336.8
339.3
340.3
340.4
340.5
340.7
340.9
341.1
341.2
341.7
341.4
341.9
341.8
342.1
341.9
342.2
339.9
339.0
341.2
342.3
342.1
342.1
342.2
342.2
342.2
342.2
342.3
342.4
342.4
342.6
342.6
342.7
343.1
343.1
343.1
345.5
343.5
343.6
343.5
343.8
343.8
344.1
344.1
344.3
344.1
344.4
344.4
344.4
344.4
344.6
344.9
344.8
343.8
344.7
344.9
344.8
344.6
344.9
345.1
345.1
345.2
345.4
345.4
345.3
345.5
345.6
345.4
345.9
345.5
345.3
345.1
345.0
345.0
348.3
345.8
345.7
345.7
345.8
345.9
346.1
346.1
346.1
345.9
346.2
346.4
346.3
346.4
346.4
346.6
346.7
346.7
346.8
347.0
347.4
346.1
344.5
347.6
348.0
346.9
347.0
347.3
347.3
347.3
347.4
347.3
347.7
346.0
345.3
349.7
346.7
346.6
347.0
347.1
347.0
346.9
346.8
347.1
347.2
347.2
347.1
346.9
346.9
347.3
347.0
344.9
352.0
347.0
347.0
346.6
346.8
346.5
346.3
346.0
