53.5074449 49.2242635
53.5073856 49.2242929
53.5073540 49.2243429
53.5073141 49.2243644
53.5072692 49.2243624
53.5072240 49.2243482
53.5071836 49.2243393
53.5071572 49.2243362
53.5071457 49.2243377
53.5071357 49.2243439
53.5070950 49.2243462
53.5070506 49.2243401
53.5070070 49.2243301
53.5069682 49.2243216
53.5069254 49.2243179
53.5068819 49.2243163
53.5068392 49.2243157
53.5068014 49.2243126
53.5067563 49.2243090
53.5067188 49.2243064
53.5067035 49.2243097
53.5066966 49.2243131
53.5066706 49.2243215
53.5066270 49.2243162
53.5065877 49.2243078
53.5065446 49.2242965
53.5065010 49.2242901
53.5064589 49.2242871
53.5064222 49.2242838
53.5063782 49.2242805
53.5063342 49.2242778
53.5062908 49.2242737
53.5062654 49.2242728
53.5062536 49.2242758
53.5062447 49.2242798
53.5062122 49.2242823
53.5061687 49.2242763
53.5061252 49.2242660
53.5060820 49.2242586
53.5060453 49.2242547
53.5060039 49.2242514
53.5059608 49.2242478
53.5059186 49.2242437
53.5058816 49.2242403
53.5058385 49.2242360
53.5058136 49.2242355
53.5058027 49.2242358
53.5057932 49.2242396
53.5057545 49.2242401
53.5057123 49.2242325
53.5056762 49.2242252
53.5056352 49.2242208
53.5055947 49.2242157
53.5055537 49.2242121
53.5055181 49.2242106
53.5054775 49.2242082
53.5054360 49.2242037
53.5053952 49.2241997
53.5053688 49.2241978
53.5053565 49.2242006
53.5053481 49.2242059
53.5053121 49.2242105
53.5052765 49.2242063
53.5052371 49.2241959
53.5051972 49.2241869
53.5051628 49.2241813
53.5051241 49.2241794
53.5050854 49.2241777
53.5050460 49.2241749
53.5050111 49.2241719
53.5049707 49.2241680
53.5049324 49.2241629
53.5049144 49.2241627
53.5049063 49.2241650
53.5048901 49.2241723
53.5048512 49.2241748
53.5048128 49.2241656
53.5047798 49.2241562
53.5047423 49.2241486
53.5047049 49.2241440
53.5046724 49.2241424
53.5046342 49.2241415
53.5045982 49.2241387
53.5045602 49.2241349
53.5045280 49.2241320
53.5044914 49.2241304
53.5044712 49.2241284
53.5044614 49.2241296
53.5044519 49.2241346
53.5044158 49.2241363
53.5043796 49.2241320
53.5043442 49.2241226
53.5043122 49.2241153
53.5042771 49.2241104
53.5042408 49.2241076
53.5042099 49.2241057
53.5041744 49.2241041
53.5041396 49.2241007
53.5041051 49.2240984
53.5040737 49.2240954
53.5040550 49.2240947
53.5040466 49.2240961
53.5040296 49.2241012
53.5040031 49.2240801
53.5039865 49.2240330
53.5039904 49.2239890
53.5040076 49.2239429
53.5040257 49.2239041
53.5040408 49.2238520
53.5040434 49.2237967
53.5040371 49.2237516
53.5040285 49.2237015
53.5040227 49.2236495
53.5040194 49.2235969
53.5040191 49.2235503
53.5040190 49.2234963
53.5040172 49.2234411
53.5040153 49.2233934
53.5040123 49.2233756
53.5040090 49.2233656
53.5040053 49.2233559
53.5040018 49.2233477
53.5039963 49.2233406
53.5039903 49.2232911
53.5040113 49.2232490
53.5040394 49.2232302
53.5040695 49.2232327
53.5040945 49.2232563
53.5041153 49.2232911
53.5041335 49.2233245
53.5041578 49.2233541
53.5041893 49.2233695
53.5042234 49.2233704
53.5042538 49.2233669
53.5042885 49.2233622
53.5043229 49.2233616
53.5043567 49.2233635
53.5043866 49.2233657
53.5044197 49.2233680
53.5044403 49.2233711
53.5044486 49.2233680
53.5044579 49.2233629
53.5044904 49.2233581
53.5045221 49.2233609
53.5045489 49.2233675
53.5045792 49.2233759
53.5046091 49.2233834
53.5046405 49.2233867
53.5046680 49.2233894
53.5047000 49.2233913
53.5047328 49.2233933
53.5047644 49.2233936
53.5047924 49.2233949
53.5048257 49.2233978
53.5048581 49.2234012
53.5048832 49.2234044
53.5048955 49.2234042
53.5049024 49.2234032
53.5049294 49.2234023
53.5049577 49.2234026
53.5049873 49.2234061
53.5050180 49.2234113
53.5050479 49.2234166
53.5050734 49.2234208
53.5051045 49.2234251
53.5051354 49.2234280
53.5051678 49.2234295
53.5051966 49.2234306
53.5052294 49.2234315
53.5052611 49.2234332
53.5052883 49.2234349
53.5053206 49.2234371
53.5053377 49.2234391
53.5053452 49.2234388
53.5053547 49.2234364
53.5053887 49.2234355
53.5054195 49.2234373
53.5054499 49.2234437
53.5054758 49.2234487
53.5055063 49.2234537
53.5055362 49.2234583
53.5055676 49.2234617
53.5055945 49.2234632
53.5056260 49.2234655
53.5056576 49.2234669
53.5056850 49.2234678
53.5057163 49.2234703
53.5057475 49.2234724
53.5057764 49.2234739
53.5057893 49.2234737
53.5057977 49.2234726
53.5058162 49.2234641
53.5058496 49.2234616
53.5058764 49.2234662
53.5059047 49.2234757
53.5059330 49.2234857
53.5059624 49.2234919
53.5059885 49.2234949
53.5060203 49.2234972
53.5060523 49.2234988
53.5060793 49.2234995
53.5061111 49.2234999
53.5061419 49.2235008
53.5061735 49.2235023
53.5062011 49.2235051
53.5062271 49.2235073
53.5062384 49.2235076
53.5062448 49.2235070
53.5062669 49.2235006
53.5062982 49.2235002
53.5063283 49.2235064
53.5063574 49.2235147
53.5063832 49.2235216
53.5064118 49.2235279
53.5064416 49.2235308
53.5064680 49.2235307
53.5064982 49.2235324
53.5065290 49.2235345
53.5065588 49.2235356
53.5065854 49.2235373
53.5066160 49.2235387
53.5066457 49.2235412
53.5066735 49.2235446
53.5066840 49.2235445
53.5066897 49.2235445
53.5067072 49.2235427
53.5067390 49.2235429
53.5067653 49.2235449
53.5067946 49.2235512
53.5068246 49.2235576
53.5068502 49.2235621
53.5068800 49.2235644
53.5069096 49.2235679
53.5069400 49.2235707
53.5069666 49.2235718
53.5069966 49.2235724
53.5070268 49.2235744
53.5070569 49.2235772
53.5070837 49.2235788
53.5071141 49.2235800
53.5071309 49.2235823
53.5071367 49.2235812
53.5071442 49.2235794
53.5071755 49.2235775
53.5072055 49.2235796
53.5072297 49.2235838
53.5072593 49.2235893
53.5072885 49.2235959
53.5073175 49.2236013
53.5073432 49.2236037
53.5073730 49.2236048
53.5074037 49.2236059
53.5074335 49.2236072
53.5074593 49.2236080
53.5074893 49.2236096
53.5075189 49.2236118
53.5075485 49.2236153
53.5075727 49.2236188
53.5075835 49.2236181
53.5075879 49.2236177
53.5076052 49.2236160
53.5076362 49.2236152
53.5076647 49.2236181
53.5076939 49.2236225
53.5077144 49.2236274
53.5077240 49.2236275
53.5077274 49.2236263
53.5077536 49.2236162
53.5077774 49.2235873
53.5077951 49.2235484
53.5078056 49.2235040
53.5078147 49.2234611
53.5078257 49.2234240
53.5078418 49.2233840
53.5078605 49.2233470
53.5078776 49.2233142
53.5078971 49.2232775
53.5079167 49.2232391
53.5079367 49.2232008
53.5079536 49.2231660
53.5079719 49.2231264
53.5079909 49.2230860
53.5080089 49.2230469
53.5080248 49.2230123
53.5080427 49.2229723
53.5080564 49.2229419
53.5080613 49.2229293
53.5080621 49.2229218
53.5080666 49.2228736
53.5080512 49.2228264
53.5080267 49.2228003
53.5079941 49.2227899
53.5079653 49.2228002
53.5079412 49.2228231
53.5079203 49.2228459
53.5078976 49.2228729
53.5078719 49.2228949
53.5078437 49.2229066
53.5078173 49.2229070
53.5077864 49.2229007
53.5077574 49.2228913
53.5077284 49.2228817
53.5077031 49.2228737
53.5076740 49.2228673
53.5076553 49.2228642
53.5076464 49.2228635
53.5076369 49.2228650
53.5076057 49.2228673
53.5075748 49.2228659
53.5075494 49.2228608
53.5075212 49.2228544
53.5074917 49.2228494
53.5074608 49.2228457
53.5074336 49.2228441
53.5074037 49.2228429
53.5073738 49.2228425
53.5073426 49.2228417
53.5073151 49.2228418
53.5072849 49.2228406
53.5072545 49.2228391
53.5072289 49.2228372
53.5072081 49.2228373
53.5071999 49.2228384
53.5071913 49.2228430
53.5071651 49.2228473
53.5071337 49.2228451
53.5071051 49.2228405
53.5070742 49.2228317
53.5070483 49.2228238
53.5070194 49.2228185
53.5069884 49.2228145
53.5069577 49.2228123
53.5069300 49.2228120
53.5068996 49.2228122
53.5068680 49.2228099
53.5068419 49.2228084
53.5068109 49.2228053
53.5067813 49.2228030
53.5067595 49.2228017
53.5067503 49.2228015
53.5067435 49.2228045
53.5067137 49.2228091
53.5066823 49.2228063
53.5066573 49.2228009
53.5066274 49.2227928
53.5065959 49.2227868
53.5065648 49.2227814
53.5065383 49.2227786
53.5065050 49.2227760
53.5064742 49.2227736
53.5064462 49.2227718
53.5064134 49.2227712
53.5063803 49.2227708
53.5063486 49.2227699
53.5063207 49.2227677
53.5063054 49.2227674
53.5062991 49.2227682
53.5062810 49.2227722
53.5062511 49.2227712
53.5062189 49.2227663
53.5061886 49.2227599
53.5061632 49.2227534
53.5061318 49.2227468
53.5061004 49.2227429
53.5060670 49.2227413
53.5060380 49.2227407
53.5060055 49.2227390
53.5059736 49.2227378
53.5059420 49.2227354
53.5059132 49.2227324
53.5058813 49.2227291
53.5058606 49.2227279
53.5058543 49.2227308
53.5058487 49.2227351
53.5058167 49.2227407
53.5057846 49.2227374
53.5057575 49.2227312
53.5057275 49.2227219
53.5056961 49.2227140
53.5056648 49.2227094
53.5056356 49.2227084
53.5056026 49.2227078
53.5055698 49.2227059
53.5055376 49.2227033
53.5055090 49.2227002
53.5054771 49.2226975
53.5054448 49.2226947
53.5054185 49.2226929
53.5054087 49.2226943
53.5054057 49.2226983
53.5053842 49.2227105
53.5053558 49.2227132
53.5053247 49.2227052
53.5052941 49.2226936
53.5052621 49.2226820
53.5052344 49.2226762
53.5052040 49.2226736
53.5051721 49.2226723
53.5051401 49.2226720
53.5051125 49.2226712
53.5050802 49.2226696
53.5050503 49.2226674
53.5050192 49.2226635
53.5049918 49.2226612
53.5049687 49.2226591
53.5049580 49.2226607
53.5049527 49.2226630
53.5049263 49.2226683
53.5048944 49.2226674
53.5048654 49.2226617
53.5048379 49.2226550
53.5048080 49.2226485
53.5047770 49.2226433
53.5047462 49.2226393
53.5047194 49.2226367
53.5046886 49.2226345
53.5046575 49.2226330
53.5046263 49.2226313
53.5045979 49.2226277
53.5045669 49.2226263
53.5045349 49.2226240
53.5045169 49.2226233
53.5045086 49.2226271
53.5045038 49.2226344
53.5044728 49.2226432
53.5044458 49.2226404
53.5044149 49.2226314
53.5043848 49.2226219
53.5043544 49.2226122
53.5043281 49.2226076
53.5042984 49.2226041
53.5042674 49.2226015
53.5042358 49.2225991
53.5042076 49.2225967
53.5041769 49.2225960
53.5041464 49.2225944
53.5041200 49.2225923
53.5041037 49.2225923
53.5040962 49.2225960
53.5040835 49.2226028
53.5040574 49.2225891
53.5040406 49.2225519
53.5040463 49.2225053
53.5040715 49.2224671
53.5040961 49.2224414
53.5041268 49.2224177
53.5041536 49.2223884
53.5041785 49.2223460
53.5041934 49.2223032
53.5042028 49.2222529
53.5042107 49.2222042
53.5042192 49.2221627
53.5042309 49.2221131
53.5042454 49.2220632
53.5042602 49.2220122
53.5042728 49.2219663
53.5042866 49.2219159
53.5042932 49.2218913
53.5042941 49.2218850
53.5042918 49.2218753
53.5043036 49.2218285
53.5043306 49.2218006
53.5043596 49.2217998
53.5043815 49.2218177
53.5044045 49.2218524
53.5044320 49.2218787
53.5044602 49.2218831
53.5044822 49.2218789
53.5044920 49.2218743
53.5045013 49.2218688
53.5045318 49.2218625
53.5045646 49.2218636
53.5045954 49.2218722
53.5046273 49.2218801
53.5046544 49.2218852
53.5046865 49.2218887
53.5047190 49.2218895
53.5047515 49.2218905
53.5047802 49.2218898
53.5048124 49.2218897
53.5048448 49.2218924
53.5048771 49.2218957
53.5049050 49.2218983
53.5049293 49.2219003
53.5049404 49.2219010
53.5049462 49.2219014
53.5049780 49.2218987
53.5050113 49.2219010
53.5050429 49.2219066
53.5050703 49.2219124
53.5051023 49.2219185
53.5051352 49.2219217
53.5051674 49.2219220
53.5051952 49.2219228
53.5052284 49.2219238
53.5052601 49.2219254
53.5052926 49.2219294
53.5053206 49.2219310
53.5053523 49.2219321
53.5053771 49.2219345
53.5053868 49.2219351
53.5053934 49.2219350
53.5054235 49.2219354
53.5054570 49.2219371
53.5054842 49.2219413
53.5055154 49.2219462
53.5055474 49.2219513
53.5055793 49.2219541
53.5056077 49.2219550
53.5056397 49.2219566
53.5056727 49.2219588
53.5057050 49.2219617
53.5057343 49.2219631
53.5057667 49.2219654
53.5058000 49.2219676
53.5058240 49.2219704
53.5058352 49.2219705
53.5058409 49.2219717
53.5058699 49.2219710
53.5058997 49.2219708
53.5059315 49.2219736
53.5059627 49.2219802
53.5059939 49.2219884
53.5060213 49.2219940
53.5060541 49.2219959
53.5060860 49.2219969
53.5061183 49.2219978
53.5061467 49.2219983
53.5061788 49.2220000
53.5062122 49.2220026
53.5062410 49.2220044
53.5062697 49.2220079
53.5062813 49.2220068
53.5062855 49.2220116
53.5063036 49.2220129
53.5063379 49.2220115
53.5063686 49.2220134
53.5063997 49.2220194
53.5064282 49.2220259
53.5064597 49.2220287
53.5064919 49.2220313
53.5065201 49.2220322
53.5065520 49.2220328
53.5065845 49.2220329
53.5066163 49.2220357
53.5066457 49.2220380
53.5066787 49.2220412
53.5067121 49.2220435
53.5067295 49.2220452
53.5067357 49.2220460
53.5067467 49.2220449
53.5067807 49.2220426
53.5068140 49.2220445
53.5068423 49.2220516
53.5068747 49.2220593
53.5069067 49.2220648
53.5069351 49.2220671
53.5069686 49.2220683
53.5070018 49.2220680
53.5070356 49.2220693
53.5070654 49.2220711
53.5070989 49.2220721
53.5071328 49.2220737
53.5071647 49.2220766
53.5071772 49.2220744
53.5071824 49.2220702
53.5071967 49.2220661
53.5072320 49.2220668
53.5072602 49.2220721
53.5072922 49.2220796
53.5073240 49.2220868
53.5073522 49.2220915
53.5073851 49.2220940
53.5074182 49.2220946
53.5074517 49.2220969
53.5074808 49.2220989
53.5075143 49.2221015
53.5075477 49.2221043
53.5075810 49.2221089
53.5076105 49.2221124
53.5076267 49.2221116
53.5076328 49.2221108
53.5076463 49.2221091
53.5076767 49.2221100
53.5077088 49.2221122
53.5077411 49.2221186
53.5077693 49.2221242
53.5078019 49.2221310
53.5078343 49.2221340
53.5078666 49.2221352
53.5078965 49.2221356
53.5079307 49.2221370
53.5079644 49.2221386
53.5079978 49.2221410
53.5080267 49.2221429
53.5080594 49.2221460
53.5080739 49.2221454
53.5080780 49.2221438
53.5080844 49.2221362
53.5081180 49.2221313
53.5081497 49.2221368
53.5081784 49.2221467
53.5082104 49.2221578
53.5082427 49.2221640
53.5082745 49.2221659
53.5083024 49.2221674
53.5083355 49.2221689
53.5083670 49.2221712
53.5083802 49.2221706
53.5083841 49.2221692
53.5083960 49.2221607
53.5084242 49.2221288
53.5084424 49.2220848
53.5084558 49.2220472
53.5084690 49.2220023
53.5084851 49.2219597
53.5085009 49.2219226
53.5085202 49.2218807
53.5085400 49.2218412
53.5085596 49.2218018
53.5085768 49.2217674
53.5085979 49.2217294
53.5086176 49.2216890
53.5086384 49.2216501
53.5086550 49.2216140
53.5086747 49.2215725
53.5086945 49.2215321
53.5087113 49.2214939
53.5087152 49.2214790
53.5087150 49.2214724
53.5087187 49.2214439
53.5087102 49.2213930
53.5086830 49.2213584
53.5086511 49.2213518
53.5086212 49.2213677
53.5085990 49.2213878
53.5085885 49.2214005
53.5085804 49.2214086
53.5085618 49.2214298
53.5085353 49.2214459
53.5085055 49.2214482
53.5084764 49.2214354
53.5084466 49.2214158
53.5084212 49.2214024
53.5083894 49.2213925
53.5083573 49.2213934
53.5083309 49.2213981
53.5082993 49.2214018
53.5082676 49.2214031
53.5082361 49.2214033
53.5082086 49.2214014
53.5081778 49.2214001
53.5081514 49.2213980
53.5081385 49.2214000
53.5081304 49.2214031
53.5081032 49.2214076
53.5080703 49.2214054
53.5080396 49.2213988
53.5080116 49.2213919
53.5079796 49.2213842
53.5079476 49.2213796
53.5079201 49.2213781
53.5078891 49.2213771
53.5078576 49.2213762
53.5078258 49.2213755
53.5077984 49.2213742
53.5077655 49.2213715
53.5077334 49.2213681
53.5077055 49.2213654
53.5076939 49.2213681
53.5076859 49.2213731
53.5076620 49.2213815
53.5076281 49.2213827
53.5076003 49.2213762
53.5075677 49.2213622
53.5075343 49.2213516
53.5075065 49.2213475
53.5074741 49.2213466
53.5074424 49.2213466
53.5074112 49.2213453
53.5073830 49.2213429
53.5073510 49.2213398
53.5073188 49.2213366
53.5072864 49.2213328
53.5072597 49.2213271
53.5072448 49.2213274
53.5072355 49.2213300
53.5072137 49.2213323
53.5071836 49.2213295
53.5071509 49.2213252
53.5071183 49.2213189
53.5070892 49.2213146
53.5070576 49.2213122
53.5070246 49.2213090
53.5069920 49.2213076
53.5069639 49.2213065
53.5069309 49.2213037
53.5068972 49.2212995
53.5068643 49.2212967
53.5068352 49.2212957
53.5068069 49.2212930
53.5067932 49.2212937
53.5067848 49.2212970
53.5067609 49.2213031
53.5067278 49.2213042
53.5066958 49.2212979
53.5066667 49.2212874
53.5066319 49.2212772
53.5066000 49.2212745
53.5065692 49.2212731
53.5065414 49.2212732
53.5065089 49.2212720
53.5064760 49.2212697
53.5064436 49.2212668
53.5064138 49.2212632
53.5063806 49.2212600
53.5063556 49.2212572
53.5063442 49.2212605
53.5063376 49.2212621
53.5063091 49.2212668
53.5062756 49.2212660
53.5062472 49.2212590
53.5062135 49.2212498
53.5061801 49.2212430
53.5061473 49.2212392
53.5061184 49.2212384
53.5060855 49.2212378
53.5060539 49.2212373
53.5060210 49.2212342
53.5059921 49.2212306
53.5059590 49.2212261
53.5059248 49.2212223
53.5059033 49.2212225
53.5058945 49.2212251
53.5058863 49.2212295
53.5058536 49.2212390
53.5058252 49.2212379
53.5057929 49.2212285
53.5057609 49.2212177
53.5057262 49.2212084
53.5056961 49.2212039
53.5056644 49.2212012
53.5056314 49.2212005
53.5056001 49.2212007
53.5055721 49.2211986
53.5055392 49.2211956
53.5055061 49.2211928
53.5054733 49.2211882
53.5054567 49.2211873
53.5054473 49.2211885
53.5054380 49.2211937
53.5054106 49.2211958
53.5053769 49.2211914
53.5053459 49.2211831
53.5053121 49.2211752
53.5052843 49.2211718
53.5052518 49.2211696
53.5052206 49.2211683
53.5051892 49.2211671
53.5051608 49.2211656
53.5051281 49.2211630
53.5050955 49.2211594
53.5050630 49.2211548
53.5050344 49.2211528
53.5050097 49.2211508
53.5049997 49.2211537
53.5049945 49.2211567
53.5049683 49.2211639
53.5049364 49.2211631
53.5049041 49.2211551
53.5048766 49.2211464
53.5048437 49.2211385
53.5048113 49.2211339
53.5047795 49.2211318
53.5047520 49.2211316
53.5047196 49.2211316
53.5046869 49.2211294
53.5046548 49.2211278
53.5046275 49.2211234
53.5045949 49.2211182
53.5045670 49.2211146
53.5045570 49.2211170
53.5045536 49.2211228
53.5045350 49.2211325
53.5045059 49.2211127
53.5044943 49.2210772
53.5044993 49.2210250
53.5045173 49.2209822
53.5045437 49.2209532
53.5045705 49.2209331
53.5046004 49.2209113
53.5046271 49.2208786
53.5046452 49.2208340
53.5046555 49.2207878
53.5046662 49.2207351
53.5046756 49.2206824
53.5046853 49.2206377
53.5046969 49.2205873
53.5047117 49.2205393
53.5047275 49.2204905
53.5047404 49.2204477
53.5047488 49.2204178
53.5047520 49.2204061
53.5047534 49.2203892
53.5047721 49.2203536
53.5048029 49.2203418
53.5048328 49.2203566
53.5048579 49.2203780
53.5048863 49.2203988
53.5049188 49.2204110
53.5049506 49.2204125
53.5049709 49.2204081
53.5049781 49.2204036
53.5049817 49.2203996
53.5050116 49.2203898
53.5050391 49.2203905
53.5050697 49.2203978
53.5051013 49.2204062
53.5051327 49.2204129
53.5051592 49.2204167
53.5051904 49.2204188
53.5052212 49.2204182
53.5052524 49.2204175
53.5052798 49.2204180
53.5053114 49.2204206
53.5053432 49.2204228
53.5053714 49.2204253
53.5054033 49.2204277
53.5054222 49.2204288
53.5054281 49.2204288
53.5054338 49.2204261
53.5054651 49.2204197
53.5054961 49.2204229
53.5055271 49.2204316
53.5055545 49.2204391
53.5055854 49.2204452
53.5056159 49.2204487
53.5056467 49.2204507
53.5056731 49.2204513
53.5057038 49.2204510
53.5057352 49.2204511
53.5057631 49.2204530
53.5057946 49.2204551
53.5058259 49.2204594
53.5058570 49.2204644
53.5058704 49.2204667
53.5058764 49.2204690
53.5058870 49.2204678
53.5059193 49.2204678
53.5059455 49.2204711
53.5059763 49.2204758
53.5060056 49.2204808
53.5060327 49.2204847
53.5060627 49.2204873
53.5060930 49.2204887
53.5061239 49.2204881
53.5061507 49.2204878
53.5061815 49.2204893
53.5062119 49.2204918
53.5062418 49.2204954
53.5062689 49.2204988
53.5062995 49.2205007
53.5063168 49.2205013
53.5063219 49.2205005
53.5063268 49.2204987
53.5063616 49.2204950
53.5063890 49.2204972
53.5064158 49.2205022
53.5064439 49.2205089
53.5064787 49.2205161
53.5065076 49.2205199
53.5065357 49.2205215
53.5065654 49.2205232
53.5065954 49.2205240
53.5066254 49.2205248
53.5066522 49.2205254
53.5066829 49.2205284
53.5067134 49.2205312
53.5067426 49.2205332
53.5067632 49.2205336
53.5067736 49.2205329
53.5067778 49.2205316
53.5068011 49.2205272
53.5068311 49.2205269
53.5068609 49.2205320
53.5068913 49.2205403
53.5069183 49.2205455
53.5069484 49.2205502
53.5069795 49.2205539
53.5070088 49.2205556
53.5070356 49.2205570
53.5070650 49.2205587
53.5070953 49.2205602
53.5071249 49.2205628
53.5071504 49.2205647
53.5071806 49.2205671
53.5072076 49.2205696
53.5072186 49.2205691
53.5072236 49.2205690
53.5072405 49.2205678
53.5072724 49.2205680
53.5072982 49.2205708
53.5073277 49.2205768
53.5073578 49.2205824
53.5073869 49.2205877
53.5074131 49.2205901
53.5074427 49.2205916
53.5074729 49.2205933
53.5075029 49.2205942
53.5075254 49.2205949
53.5075590 49.2205966
53.5075883 49.2205991
53.5076184 49.2206019
53.5076440 49.2206058
53.5076630 49.2206073
53.5076709 49.2206076
53.5076764 49.2206067
53.5077066 49.2206050
53.5077371 49.2206070
53.5077660 49.2206125
53.5077926 49.2206179
53.5078217 49.2206216
53.5078514 49.2206241
53.5078807 49.2206270
53.5079077 49.2206287
53.5079374 49.2206302
53.5079671 49.2206316
53.5079969 49.2206337
53.5080227 49.2206355
53.5080522 49.2206382
53.5080823 49.2206403
53.5081063 49.2206420
53.5081170 49.2206407
53.5081214 49.2206383
53.5081427 49.2206346
53.5081710 49.2206341
53.5081998 49.2206394
53.5082286 49.2206461
53.5082576 49.2206520
53.5082828 49.2206571
53.5083098 49.2206597
53.5083430 49.2206612
53.5083722 49.2206620
53.5083979 49.2206636
53.5084284 49.2206656
53.5084583 49.2206671
53.5084840 49.2206691
53.5085140 49.2206721
53.5085439 49.2206766
53.5085606 49.2206784
53.5085661 49.2206777
53.5085716 49.2206761
53.5086033 49.2206752
53.5086327 49.2206777
53.5086578 49.2206828
53.5086870 49.2206888
53.5087164 49.2206923
53.5087454 49.2206956
53.5087710 49.2206974
53.5088006 49.2206991
53.5088299 49.2206998
53.5088558 49.2207014
53.5088852 49.2207045
53.5089154 49.2207066
53.5089452 49.2207086
53.5089708 49.2207106
53.5089870 49.2207113
53.5089938 49.2207097
53.5090044 49.2207044
53.5090299 49.2206778
53.5090388 49.2206296
53.5090323 49.2205858
53.5090072 49.2205439
53.5089819 49.2205257
53.5089507 49.2205181
53.5089217 49.2205217
53.5088957 49.2205290
53.5088668 49.2205396
53.5088381 49.2205433
53.5088090 49.2205346
53.5087842 49.2205169
53.5087600 49.2204899
53.5087375 49.2204600
53.5087142 49.2204311
53.5086933 49.2204052
53.5086677 49.2203770
53.5086431 49.2203501
53.5086182 49.2203239
53.5085972 49.2203033
53.5085712 49.2202789
53.5085454 49.2202544
53.5085223 49.2202333
53.5084960 49.2202090
53.5084697 49.2201843
53.5084441 49.2201598
53.5084218 49.2201373
53.5083965 49.2201113
53.5083711 49.2200850
53.5083465 49.2200579
53.5083251 49.2200341
53.5082994 49.2200079
53.5082738 49.2199820
53.5082477 49.2199562
53.5082260 49.2199349
53.5082070 49.2199185
53.5081957 49.2199116
53.5081879 49.2199085
53.5081798 49.2199073
53.5081741 49.2199076
53.5081557 49.2199097
53.5081276 49.2199101
53.5080973 49.2199059
53.5080675 49.2198985
53.5080373 49.2198908
53.5080114 49.2198846
53.5079816 49.2198795
53.5079516 49.2198770
53.5079223 49.2198755
53.5078961 49.2198737
53.5078661 49.2198728
53.5078356 49.2198709
53.5078093 49.2198686
53.5077792 49.2198641
53.5077526 49.2198609
53.5077391 49.2198617
53.5077330 49.2198647
53.5077156 49.2198708
53.5076844 49.2198715
53.5076555 49.2198656
53.5076296 49.2198587
53.5075997 49.2198512
53.5075696 49.2198453
53.5075391 49.2198410
53.5075130 49.2198391
53.5074824 49.2198382
53.5074534 49.2198386
53.5074259 49.2198372
53.5073953 49.2198358
53.5073644 49.2198324
53.5073353 49.2198285
53.5073086 49.2198245
53.5072920 49.2198229
53.5072834 49.2198225
53.5072677 49.2198253
53.5072399 49.2198243
53.5072091 49.2198210
53.5071795 49.2198157
53.5071504 49.2198098
53.5071248 49.2198063
53.5070948 49.2198035
53.5070650 49.2198032
53.5070384 49.2198027
53.5070081 49.2198019
53.5069789 49.2197993
53.5069489 49.2197969
53.5069228 49.2197942
53.5068923 49.2197908
53.5068634 49.2197867
53.5068446 49.2197856
53.5068359 49.2197870
53.5068258 49.2197920
53.5067946 49.2197953
53.5067654 49.2197918
53.5067404 49.2197860
53.5067112 49.2197788
53.5066811 49.2197726
53.5066560 49.2197686
53.5066254 49.2197656
53.5065952 49.2197635
53.5065641 49.2197642
53.5065378 49.2197649
53.5065078 49.2197640
53.5064775 49.2197609
53.5064474 49.2197574
53.5064209 49.2197551
53.5063981 49.2197538
53.5063883 49.2197550
53.5063799 49.2197591
53.5063541 49.2197642
53.5063226 49.2197623
53.5062922 49.2197550
53.5062672 49.2197474
53.5062376 49.2197396
53.5062075 49.2197347
53.5061777 49.2197319
53.5061517 49.2197317
53.5061211 49.2197320
53.5060905 49.2197313
53.5060605 49.2197300
53.5060349 49.2197277
53.5060060 49.2197235
53.5059776 49.2197201
53.5059547 49.2197171
53.5059424 49.2197182
53.5059346 49.2197218
53.5059104 49.2197268
53.5058840 49.2197252
53.5058551 49.2197203
53.5058264 49.2197134
53.5057968 49.2197072
53.5057717 49.2197037
53.5057426 49.2197002
53.5057130 49.2196976
53.5056839 49.2196960
53.5056584 49.2196940
53.5056294 49.2196931
53.5055994 49.2196918
53.5055740 49.2196898
53.5055448 49.2196873
53.5055153 49.2196843
53.5054981 49.2196847
53.5054899 49.2196878
53.5054786 49.2196943
53.5054474 49.2196980
53.5054186 49.2196939
53.5053938 49.2196880
53.5053658 49.2196800
53.5053372 49.2196735
53.5053086 49.2196684
53.5052839 49.2196657
53.5052542 49.2196628
53.5052245 49.2196610
53.5051990 49.2196590
53.5051692 49.2196577
53.5051398 49.2196563
53.5051106 49.2196545
53.5050851 49.2196524
53.5050581 49.2196484
53.5050442 49.2196493
53.5050344 49.2196533
53.5050230 49.2196575
53.5050137 49.2196620
53.5050068 49.2196676
53.5049807 49.2196671
53.5049583 49.2196440
53.5049428 49.2196059
53.5049398 49.2195638
53.5049527 49.2195313
53.5049772 49.2195021
53.5050050 49.2194798
53.5050348 49.2194618
53.5050608 49.2194441
53.5050833 49.2194124
53.5050989 49.2193697
53.5051094 49.2193241
53.5051161 49.2192837
53.5051232 49.2192386
53.5051338 49.2191923
53.5051470 49.2191477
53.5051591 49.2191075
53.5051721 49.2190619
53.5051849 49.2190171
53.5051945 49.2189780
53.5052020 49.2189490
53.5052006 49.2189404
53.5051963 49.2189313
53.5052063 49.2188906
53.5052339 49.2188672
53.5052664 49.2188690
53.5052960 49.2188882
53.5053180 49.2189107
53.5053460 49.2189325
53.5053753 49.2189462
53.5054084 49.2189470
53.5054366 49.2189407
53.5054617 49.2189332
53.5054712 49.2189305
53.5054739 49.2189306
53.5054985 49.2189208
53.5055303 49.2189187
53.5055600 49.2189252
53.5055860 49.2189329
53.5056155 49.2189406
53.5056450 49.2189460
53.5056766 49.2189477
53.5057039 49.2189478
53.5057353 49.2189478
53.5057661 49.2189481
53.5057954 49.2189495
53.5058220 49.2189511
53.5058518 49.2189540
53.5058814 49.2189570
53.5059045 49.2189601
53.5059160 49.2189615
53.5059177 49.2189623
53.5059365 49.2189553
53.5059630 49.2189554
53.5059931 49.2189577
53.5060199 49.2189647
53.5060491 49.2189715
53.5060754 49.2189756
53.5061047 49.2189779
53.5061363 49.2189802
