53.5074786 49.2243652
53.5071388 49.2243382
53.5066899 49.2243025
53.5062411 49.2242669
53.5057922 49.2242312
53.5053434 49.2241955
53.5048945 49.2241599
53.5044457 49.2241242
53.5040325 49.2240914
53.5040103 49.2233351
53.5040181 49.2233357
53.5044669 49.2233713
53.5049158 49.2234070
53.5053646 49.2234426
53.5058135 49.2234783
53.5062623 49.2235140
53.5067112 49.2235496
53.5071600 49.2235853
53.5076089 49.2236209
53.5077483 49.2236320
53.5080767 49.2229035
53.5076301 49.2228680
53.5071813 49.2228323
53.5067324 49.2227967
53.5062836 49.2227610
53.5058347 49.2227254
53.5053859 49.2226897
53.5049370 49.2226541
53.5044882 49.2226184
53.5040774 49.2225858
53.5043048 49.2218493
53.5045094 49.2218656
53.5049583 49.2219012
53.5054071 49.2219368
53.5058560 49.2219725
53.5063048 49.2220081
53.5067537 49.2220438
53.5072025 49.2220794
53.5076514 49.2221151
53.5081003 49.2221507
53.5084051 49.2221749
53.5087335 49.2214463
53.5085704 49.2214334
53.5081215 49.2213977
53.5076726 49.2213621
53.5072238 49.2213265
53.5067749 49.2212908
53.5063261 49.2212552
53.5058772 49.2212196
53.5054284 49.2211839
53.5049795 49.2211483
53.5045322 49.2211128
53.5047595 49.2203763
53.5050008 49.2203954
53.5054496 49.2204310
53.5058985 49.2204667
53.5063473 49.2205023
53.5067962 49.2205379
53.5072450 49.2205735
53.5076939 49.2206092
53.5081427 49.2206448
53.5085916 49.2206804
53.5090162 49.2207141
53.5081829 49.2198933
53.5081640 49.2198918
53.5077151 49.2198562
53.5072663 49.2198206
53.5068174 49.2197850
53.5063686 49.2197494
53.5059197 49.2197137
53.5054709 49.2196781
53.5050220 49.2196425
53.5049869 49.2196397
53.5052143 49.2189032
53.5054921 49.2189252
53.5059409 49.2189608
