8.3
87.4
3.0
85.3
78.8
81.5
87.1
9.7
9.7
85.8
90.1
83.9
91.2
89.1
81.2
85.2
94.5
78.3
78.0
9.7
9.7
9.7
9.3
90.2
9.7
84.4
86.0
82.0
83.1
80.5
84.8
79.8
9.7
9.7
9.7
9.7
87.7
91.1
85.1
4.0
82.7
82.5
93.6
4.5
83.7
9.7
9.7
9.7
90.7
7.3
90.9
87.8
82.6
84.2
79.5
90.6
83.8
96.7
9.7
9.7
9.7
9.7
7.0
89.1
87.3
85.8
89.1
6.9
81.7
89.7
81.2
89.4
9.7
9.7
88.2
90.3
7.4
94.0
4.2
94.2
84.5
82.9
89.8
87.3
86.0
76.4
9.7
9.7
91.0
9.7
99.8
9.5
6.9
87.1
83.3
86.1
89.2
87.7
90.4
101.6
9.7
9.7
99.7
103.7
9.7
86.9
90.6
3.1
93.6
86.1
1.0
97.6
1.2
81.3
102.7
4.0
92.3
9.7
9.7
9.7
9.7
9.7
9.7
8.3
6.7
9.7
7.9
7.2
6.6
93.4
83.5
3.9
2.0
89.9
83.6
78.8
1.1
81.6
84.1
9.7
9.7
88.3
88.7
94.7
90.5
95.3
83.0
88.8
95.6
90.6
88.0
89.8
0.4
91.1
4.0
9.7
9.7
9.7
7.7
6.9
7.6
6.2
2.0
4.1
81.6
98.0
84.7
3.3
98.5
5.4
90.6
86.3
9.7
9.7
2.2
96.3
98.6
6.1
89.7
90.7
82.7
95.0
89.7
85.5
95.0
80.1
82.9
1.5
9.7
9.7
9.7
89.4
98.0
9.7
9.7
9.0
92.9
84.9
4.2
83.7
2.8
86.6
83.4
83.7
80.8
9.7
9.7
9.7
8.6
9.7
7.5
6.8
4.6
3.8
96.6
86.0
81.7
88.9
90.2
86.6
85.2
90.3
9.7
9.7
9.7
9.7
1.4
9.0
93.4
8.8
95.7
3.3
98.3
85.1
95.6
103.0
85.2
84.3
89.1
83.7
9.7
9.7
6.5
5.8
3.5
8.9
6.5
87.3
3.2
86.3
3.2
83.4
87.9
88.2
88.2
1.1
89.4
9.7
9.7
9.7
6.5
94.0
95.8
6.0
9.7
9.7
9.7
8.4
3.6
103.6
7.1
4.5
6.5
90.3
100.1
90.4
2.5
99.7
97.8
90.1
91.2
96.7
92.8
89.1
86.9
9.7
9.7
9.7
96.1
98.3
8.0
7.6
5.3
86.4
92.4
85.2
90.5
88.1
6.5
86.0
87.0
92.2
2.0
89.5
9.7
9.7
7.8
9.7
9.0
7.9
7.4
95.2
92.1
96.3
90.1
89.5
87.2
3.2
88.7
96.3
3.6
9.7
9.7
9.1
9.7
6.0
97.4
6.5
101.4
89.4
90.6
88.7
3.6
88.5
4.8
86.3
87.9
98.6
9.7
9.7
9.7
90.7
2.1
98.5
94.6
5.7
94.2
94.6
3.7
87.1
87.0
88.6
89.1
87.4
9.7
9.7
9.7
91.0
7.6
7.8
6.4
5.3
3.6
6.7
88.6
4.2
92.4
88.2
79.8
94.0
89.6
9.7
9.7
89.0
95.0
96.9
101.9
94.1
5.6
5.6
98.7
96.9
3.3
4.6
0.0
80.8
-0.9
9.7
9.7
9.7
8.5
8.7
5.8
98.4
95.4
89.4
101.3
82.1
6.6
95.9
83.1
96.6
86.7
93.5
9.7
9.7
9.7
0.5
9.0
6.6
4.3
100.6
5.3
95.8
86.3
90.5
86.7
84.4
85.4
1.5
97.9
9.7
9.7
9.7
9.7
9.0
7.7
93.3
91.4
3.6
88.3
82.9
81.7
1.4
86.2
92.9
3.0
9.7
9.7
86.3
9.7
6.4
88.3
7.9
91.6
0.3
3.8
3.3
82.1
89.1
79.5
95.4
94.2
83.7
87.2
81.7
94.5
9.7
9.7
92.1
99.9
7.8
4.7
89.3
90.7
3.5
89.8
9.7
9.7
7.6
9.7
8.3
7.3
6.1
86.0
86.8
95.8
84.3
82.1
87.4
4.0
91.9
84.7
9.7
9.7
9.7
97.3
96.5
100.1
93.8
5.2
98.3
85.3
88.6
91.1
4.4
81.8
3.8
92.7
9.7
9.7
9.7
8.1
92.6
4.2
6.2
90.9
88.7
95.5
85.1
88.2
84.7
93.9
94.8
83.6
9.7
9.7
9.7
91.3
95.8
91.5
93.1
6.8
92.5
1.7
87.1
90.2
85.3
98.8
80.1
3.6
9.7
9.7
9.7
98.6
2.9
90.4
91.9
92.2
85.6
91.4
92.1
83.3
92.7
82.4
85.1
86.9
88.5
9.7
9.7
85.9
92.0
0.8
91.9
91.6
86.9
83.6
2.7
2.2
88.0
82.6
86.6
85.1
81.1
9.7
9.7
88.2
9.5
93.0
94.3
2.2
3.6
6.6
88.0
86.5
5.1
95.6
91.3
93.9
79.0
9.7
9.7
9.4
91.8
89.5
93.6
5.6
87.8
3.9
86.2
83.1
90.9
0.1
79.2
1.3
91.4
9.7
9.7
84.3
8.4
88.4
90.2
95.2
84.2
84.0
80.7
81.1
88.8
9.7
9.7
84.6
6.4
93.4
3.8
87.9
84.5
94.4
86.4
96.9
3.8
84.7
91.2
5.9
89.0
92.1
91.9
3.3
9.7
9.7
9.7
8.9
7.1
9.6
8.6
94.0
9.7
9.7
9.7
88.3
8.5
9.7
7.0
7.8
87.0
97.9
87.2
91.5
1.4
94.2
5.8
86.6
84.7
9.7
9.7
9.7
96.3
8.8
97.2
96.9
93.1
3.2
89.9
84.9
4.9
86.0
87.3
5.8
92.6
9.7
9.7
9.7
6.3
9.4
99.8
6.2
92.7
90.0
4.4
103.3
5.7
96.8
88.8
3.5
89.5
9.7
9.7
9.7
89.3
9.7
9.7
97.8
97.3
5.0
94.4
91.0
90.4
5.5
85.8
6.1
4.5
9.7
9.7
9.7
91.6
97.0
92.7
86.2
89.7
6.6
94.9
94.2
94.0
5.4
4.5
89.6
90.2
9.7
9.7
9.7
9.6
5.1
7.6
92.6
88.4
88.3
7.3
88.0
88.4
85.2
91.7
100.6
87.1
9.7
9.7
89.3
9.7
99.5
7.2
88.6
86.6
99.0
3.2
93.2
6.5
92.0
86.8
80.3
88.4
9.7
9.7
83.7
90.7
4.1
98.8
90.3
91.6
4.1
85.1
84.4
86.0
88.4
90.0
84.7
2.6
9.7
9.7
9.7
94.0
1.1
9.1
1.8
88.9
89.4
85.5
92.7
97.8
2.4
3.0
95.3
88.9
9.7
9.7
9.7
97.2
7.1
100.0
98.3
90.7
87.1
95.9
97.2
82.6
82.3
84.4
95.5
85.1
90.6
91.8
84.4
82.4
81.3
9.7
9.7
89.7
9.7
9.3
93.8
93.1
87.5
96.9
88.3
9.7
9.7
9.7
99.3
94.3
96.9
92.1
88.3
85.7
86.4
92.6
85.4
84.3
87.0
84.5
88.6
90.5
9.7
9.7
89.9
99.2
100.6
3.9
89.5
94.9
86.6
87.7
86.1
2.4
83.0
87.8
88.0
91.6
86.6
9.7
9.7
7.3
101.7
8.8
7.8
4.3
93.0
90.4
88.1
96.8
87.3
82.6
1.1
80.6
89.7
101.0
9.7
9.7
89.4
7.8
5.0
94.6
92.1
93.4
93.0
91.5
84.7
94.7
92.0
87.2
88.5
88.2
86.9
9.7
9.7
9.7
8.1
99.5
7.6
7.4
5.3
89.1
4.1
92.9
98.5
88.2
90.2
95.3
82.8
85.8
9.7
9.7
9.7
85.0
94.0
8.8
-0.0
97.4
91.0
88.5
92.0
100.7
83.8
89.5
95.8
95.2
81.6
84.6
9.7
9.7
9.7
96.3
8.0
7.7
91.4
88.7
91.1
94.2
97.9
87.8
98.0
89.2
86.8
88.1
95.2
9.7
9.7
9.7
5.9
9.7
6.9
6.1
88.4
86.4
85.0
4.8
85.5
3.5
4.3
87.0
3.5
82.6
81.2
9.7
9.7
9.7
96.8
92.1
91.2
98.4
91.5
5.5
91.9
84.0
87.2
84.3
88.9
84.1
94.4
96.0
9.7
9.7
5.6
9.3
100.6
5.7
4.6
92.3
91.4
89.2
95.8
89.5
86.1
96.0
90.0
4.8
91.1
87.3
3.9
86.7
85.0
1.2
91.7
86.7
82.6
87.4
91.6
96.4
85.1
89.7
97.7
88.8
88.6
90.4
87.8
94.1
0.9
90.9
9.7
9.7
9.7
9.7
9.7
92.7
93.8
7.9
102.8
102.9
3.4
8.6
9.7
88.0
90.4
90.7
98.6
89.4
6.5
9.7
9.7
9.7
90.8
5.6
7.4
7.5
5.7
91.5
6.1
89.8
101.2
88.8
89.2
1.1
86.8
95.2
97.5
9.7
9.7
87.0
99.9
7.7
98.4
93.5
90.2
91.7
92.6
95.3
6.6
93.1
89.0
89.1
3.2
84.7
9.7
9.7
9.7
95.2
8.9
93.6
8.2
91.5
100.0
90.6
89.8
93.3
89.6
92.3
3.8
90.5
6.0
9.7
9.7
9.7
8.0
9.2
6.2
6.0
93.8
94.2
91.4
88.3
89.3
91.5
92.0
4.6
93.8
97.1
9.7
9.7
9.7
92.8
7.7
9.7
8.1
5.7
5.0
97.5
89.2
93.3
101.7
91.8
96.2
93.2
89.9
0.8
9.7
9.7
8.8
9.7
3.5
98.3
7.6
6.4
7.9
94.7
90.8
93.8
93.2
88.0
90.5
92.6
5.6
9.7
9.7
9.7
9.7
9.7
9.7
93.0
8.0
8.3
97.9
93.0
91.8
88.8
95.0
95.3
86.8
88.7
2.9
84.6
87.3
6.7
90.9
4.1
84.9
95.5
87.1
9.7
9.7
9.7
6.5
101.9
98.9
7.4
93.9
6.0
6.7
95.8
4.2
9.7
9.7
9.7
9.0
8.6
7.4
3.6
92.3
101.4
7.1
90.0
6.2
88.9
87.8
84.8
88.4
93.3
9.7
9.7
9.7
84.4
9.2
5.5
5.9
92.0
3.9
89.5
90.1
