1.0
10.7
0.4
10.4
9.6
9.9
10.6
1.2
1.2
10.5
11.2
10.4
11.3
10.9
10.0
10.5
11.6
9.6
9.6
1.2
1.2
1.2
1.1
11.2
1.2
10.3
10.5
10.0
10.1
9.8
10.3
9.7
1.2
1.2
1.2
1.2
10.9
11.2
10.4
0.5
10.1
10.1
11.4
0.6
10.2
1.2
1.2
1.2
11.4
0.9
11.2
10.8
10.1
10.3
9.7
11.1
10.2
11.8
1.2
1.2
1.2
1.2
0.9
11.0
10.7
10.5
10.9
0.8
10.0
11.0
9.9
10.9
1.2
1.2
10.9
11.3
0.9
11.6
0.5
11.5
10.3
10.1
10.9
10.6
10.5
9.3
1.2
1.2
11.2
1.2
12.4
1.2
0.8
10.7
10.2
10.5
10.9
10.6
11.1
12.4
1.2
1.2
12.2
12.9
1.2
10.7
11.2
0.4
11.5
10.5
0.1
11.9
0.1
9.9
12.5
0.5
11.2
1.2
1.2
1.2
1.2
1.2
1.2
1.0
0.8
1.2
1.0
0.9
0.8
11.3
10.1
0.5
0.2
10.9
10.1
9.5
0.1
9.9
10.1
1.2
1.2
10.7
11.0
11.7
11.1
11.6
10.1
10.8
11.6
11.0
10.7
11.0
0.1
11.1
0.5
1.2
1.2
1.2
1.0
0.9
0.9
0.8
0.2
0.5
10.0
12.0
10.3
0.4
12.1
0.7
11.1
10.6
1.2
1.2
0.3
12.1
12.3
0.8
11.1
11.2
10.2
11.7
11.0
10.5
11.6
9.8
10.2
0.2
1.2
1.2
1.2
11.1
12.2
1.2
1.2
1.1
11.3
10.3
0.5
10.2
0.3
10.6
10.2
10.2
9.8
1.2
1.2
1.2
1.1
1.2
0.9
0.8
0.6
0.5
11.7
10.5
9.9
10.8
11.0
10.6
10.4
11.0
1.2
1.2
1.2
1.2
0.2
1.1
11.5
1.1
11.7
0.4
12.0
10.4
11.7
12.6
10.4
10.2
10.9
10.2
1.2
1.2
0.8
0.7
0.4
1.1
0.8
10.7
0.4
10.6
0.4
10.2
10.8
10.8
10.8
0.1
10.9
1.2
1.2
1.2
0.8
11.7
11.8
0.7
1.2
1.2
1.2
1.0
0.5
12.6
0.8
0.5
0.8
11.1
12.4
11.2
0.3
12.4
12.1
11.2
11.3
12.0
11.5
11.1
10.8
1.2
1.2
1.2
12.0
12.3
1.0
0.9
0.7
10.7
11.3
10.5
11.2
10.9
0.8
10.7
10.8
11.4
0.2
11.1
1.2
1.2
1.0
1.2
1.1
1.0
0.9
11.8
11.4
11.9
11.1
11.0
10.7
0.4
10.9
11.7
0.4
1.2
1.2
1.1
1.2
0.7
12.0
0.8
12.4
11.0
11.1
10.8
0.4
10.8
0.6
10.5
10.7
12.0
1.2
1.2
1.2
11.3
0.3
12.1
11.6
0.7
11.5
11.6
0.5
10.6
10.6
10.8
10.9
10.7
1.2
1.2
1.2
11.3
0.9
1.0
0.8
0.7
0.4
0.8
10.8
0.5
11.3
10.8
9.7
11.5
10.9
1.2
1.2
10.8
11.8
11.9
12.5
11.5
0.7
0.7
12.1
11.8
0.4
0.6
0.0
9.8
-0.1
1.2
1.2
1.2
1.1
1.1
0.7
12.0
11.7
10.9
12.3
10.0
0.8
11.7
10.1
11.8
10.6
11.4
1.2
1.2
1.2
0.1
1.1
0.8
0.5
12.2
0.6
11.6
10.5
10.9
10.5
10.2
10.2
0.2
11.8
1.1
1.2
1.2
1.2
1.1
0.9
11.3
11.1
0.4
10.7
10.0
9.8
0.2
10.4
11.2
0.4
1.2
1.2
10.5
1.2
0.8
10.7
1.0
11.1
0.0
0.5
0.4
9.9
10.7
9.6
11.5
11.3
10.0
10.4
9.8
11.4
1.2
1.2
11.2
12.4
1.0
0.6
11.0
11.1
0.4
10.9
1.2
1.2
0.9
1.2
1.0
0.9
0.7
10.4
10.5
11.6
10.2
10.0
10.6
0.5
11.2
10.2
1.2
1.2
1.2
12.0
11.8
12.2
11.3
0.6
11.9
10.3
10.8
11.0
0.5
10.0
0.5
11.2
1.2
1.2
1.2
1.0
11.4
0.5
0.8
11.0
10.8
11.6
10.3
10.7
10.3
11.4
11.5
10.1
1.2
1.2
1.2
11.2
11.8
11.2
11.3
0.8
11.2
0.2
10.6
10.9
10.3
12.0
9.7
0.4
1.2
1.2
1.2
12.3
0.4
11.1
11.2
11.2
10.4
11.1
11.2
10.2
11.3
10.0
10.4
10.6
10.8
1.2
1.2
10.7
11.7
0.1
11.3
11.2
10.6
10.2
0.3
0.3
10.8
10.1
10.6
10.4
9.9
1.2
1.2
11.0
1.2
11.6
11.7
0.3
0.4
0.8
10.9
10.7
0.6
11.8
11.3
11.6
9.8
1.2
1.2
1.2
11.6
11.3
11.7
0.7
10.9
0.5
10.7
10.3
11.3
0.0
9.9
0.2
11.3
1.2
1.2
10.5
1.1
11.1
11.3
11.8
10.5
10.5
10.1
10.1
11.1
1.2
1.2
10.7
0.8
11.8
0.5
11.0
10.5
11.8
10.8
12.1
0.5
10.6
11.3
0.7
11.1
11.5
11.5
0.4
1.2
1.2
1.2
1.1
0.9
1.2
1.1
11.8
1.2
1.2
1.2
11.2
1.1
1.2
0.9
1.0
10.9
12.2
10.9
11.3
0.2
11.7
0.7
10.8
10.5
1.2
1.2
1.2
12.1
1.1
12.1
12.1
11.5
0.4
11.2
10.5
0.6
10.7
10.8
0.7
11.5
1.2
1.2
1.2
0.8
1.2
12.4
0.8
11.5
11.2
0.6
12.7
0.7
11.9
10.9
0.4
11.0
1.2
1.2
1.2
11.3
1.2
1.2
12.1
12.1
0.6
11.7
11.2
11.1
0.7
10.6
0.8
0.6
1.2
1.2
1.2
11.6
12.2
11.4
10.6
11.1
0.8
11.7
11.6
11.5
0.7
0.6
11.0
11.1
1.2
1.2
1.2
1.2
0.6
0.9
11.3
10.8
10.7
0.9
10.7
10.7
10.3
11.1
12.2
10.6
1.2
1.2
10.8
1.2
12.2
0.9
10.8
10.5
12.0
0.4
11.3
0.8
11.1
10.5
9.8
10.8
1.2
1.2
10.2
11.2
0.5
12.1
11.1
11.2
0.5
10.3
10.3
10.4
10.7
10.9
10.3
0.3
1.2
1.2
1.2
11.5
0.1
1.1
0.2
10.8
10.8
10.3
11.2
11.8
0.3
0.4
11.5
10.6
1.2
1.1
1.2
11.9
0.9
12.2
11.9
11.0
10.6
11.7
11.8
10.0
9.9
10.2
11.5
10.2
10.9
11.0
10.1
9.9
9.7
1.1
1.2
10.8
1.2
1.1
11.3
11.2
10.6
11.7
10.6
1.1
1.1
1.2
12.2
11.5
11.8
11.1
10.6
10.3
10.4
11.1
10.3
10.1
10.5
10.2
10.7
10.9
1.2
1.2
10.9
12.2
12.3
0.5
10.9
11.5
10.5
10.7
10.5
0.3
10.1
10.7
10.7
11.1
10.5
1.2
1.2
0.9
12.5
1.1
0.9
0.5
11.3
11.0
10.7
11.7
10.6
10.0
0.1
9.7
10.8
12.2
1.2
1.2
10.8
1.0
0.6
11.5
11.1
11.3
11.2
11.1
10.3
11.5
11.2
10.6
10.8
10.8
10.6
1.2
1.2
1.2
1.0
12.4
0.9
0.9
0.7
11.0
0.5
11.4
12.1
10.8
11.1
11.7
10.2
10.5
1.2
1.2
1.2
10.6
11.8
1.1
0.0
12.1
11.2
11.0
11.4
12.5
10.4
11.1
11.9
11.9
10.2
10.6
1.2
1.2
1.2
12.2
1.0
1.0
11.5
11.1
11.4
11.8
12.2
10.9
12.2
11.1
10.8
11.0
11.9
1.2
1.2
1.2
0.8
1.2
0.9
0.8
11.1
10.9
10.7
0.6
10.7
0.4
0.5
10.9
0.4
10.3
10.1
1.2
1.2
1.2
12.3
11.7
11.5
12.3
11.5
0.7
11.5
10.5
10.9
10.6
11.2
10.6
11.9
12.1
1.2
1.2
0.7
1.2
12.8
0.7
0.6
11.6
11.5
11.2
12.1
11.3
10.8
12.1
11.3
0.6
11.4
10.9
0.5
10.8
10.6
0.1
11.4
10.8
10.3
11.0
11.5
12.1
10.6
11.2
12.2
11.1
11.0
11.2
10.9
11.7
0.1
11.3
1.2
1.2
1.2
1.2
1.2
11.7
11.9
1.0
12.8
12.9
0.4
1.1
1.2
10.9
11.2
11.2
12.2
11.0
0.8
1.2
1.2
1.2
11.3
0.7
0.9
0.9
0.7
11.4
0.8
11.1
12.6
11.0
11.1
0.1
10.7
11.7
12.0
1.2
1.2
10.7
12.5
0.9
12.1
11.5
11.1
11.2
11.3
11.6
0.8
11.4
10.8
10.9
0.4
10.3
1.2
1.2
1.2
11.7
1.1
11.4
1.0
11.1
12.1
11.0
10.9
11.3
10.8
11.2
0.5
10.9
0.7
1.2
1.2
1.2
1.0
1.1
0.8
0.7
11.3
11.4
11.1
10.7
10.8
11.1
11.1
0.6
11.3
11.7
1.2
1.2
1.2
11.2
0.9
1.2
1.0
0.7
0.6
11.8
10.7
11.2
12.2
11.0
11.6
11.2
10.8
0.1
1.1
1.1
1.1
1.2
0.4
11.9
0.9
0.8
0.9
11.3
10.9
11.3
11.2
10.6
10.9
11.1
0.7
1.2
1.1
1.2
1.2
1.2
1.2
11.5
1.0
1.0
11.8
11.2
11.0
10.7
11.4
11.4
10.4
10.6
0.3
10.1
10.5
0.8
10.9
0.5
10.2
11.4
10.4
1.1
1.1
1.2
0.8
12.4
12.0
0.9
11.3
0.7
0.8
11.4
0.5
1.2
1.1
1.2
1.1
1.1
0.9
0.4
11.1
12.2
0.8
10.8
0.7
10.7
10.5
10.2
10.6
11.2
1.2
1.1
1.1
10.2
1.1
0.7
0.7
11.1
0.5
10.7
10.8
