6.32
5.74
7.94
9.00
7.60
7.27
7.27
7.37
7.35
7.34
7.30
7.52
7.48
7.34
7.24
7.43
7.45
7.45
7.52
7.70
7.41
7.38
7.36
7.39
7.36
7.45
7.57
7.57
7.41
7.54
7.40
7.45
7.58
7.41
7.35
7.26
7.23
7.17
7.89
7.20
7.27
7.31
7.17
7.75
7.02
7.38
7.32
7.25
7.53
7.61
7.21
7.60
7.56
7.62
7.51
7.73
7.37
7.15
7.46
7.34
7.23
7.61
7.19
7.61
7.45
7.86
8.71
7.46
7.27
7.49
7.43
7.26
7.34
7.28
7.30
7.61
7.49
7.40
7.34
7.73
7.33
7.59
7.80
7.44
7.37
7.59
7.35
7.25
7.18
7.02
7.59
7.56
7.55
7.71
7.59
7.22
7.32
7.69
7.48
7.46
7.26
7.18
7.37
8.24
7.98
7.55
7.30
7.50
7.54
7.10
7.76
7.57
7.79
7.66
7.80
7.66
7.50
7.48
7.35
7.28
7.25
7.21
7.15
7.86
8.09
7.97
7.85
7.58
7.73
7.68
7.71
6.97
7.43
7.70
7.76
7.68
7.91
7.84
7.76
7.30
7.25
7.24
7.45
7.67
7.69
7.64
7.67
7.36
7.49
7.61
7.70
7.48
7.53
8.15
7.72
7.20
7.24
7.24
7.17
7.55
7.54
7.69
7.78
7.45
7.45
7.57
7.41
7.54
7.38
7.62
7.80
7.67
7.26
7.22
7.15
7.20
7.61
8.04
7.29
7.46
7.37
7.34
7.29
7.23
7.61
7.49
7.54
7.59
7.49
7.30
7.24
7.61
7.56
7.77
7.68
7.62
7.69
7.37
7.70
7.41
7.77
7.65
7.70
7.67
7.39
7.30
7.29
7.22
7.13
7.57
7.49
7.67
7.49
7.92
7.61
7.72
7.22
7.68
7.62
7.34
7.50
7.53
7.54
7.30
7.32
7.36
7.62
7.63
7.67
7.56
7.66
7.31
7.46
7.35
7.61
7.80
7.64
7.72
7.76
7.62
7.40
7.25
7.21
7.36
7.60
7.26
7.57
7.52
7.52
7.38
7.55
7.31
7.35
7.80
7.54
7.67
7.71
7.82
7.36
7.24
7.35
7.53
7.60
7.60
7.57
7.36
7.19
7.14
7.23
7.76
7.99
7.97
7.82
7.35
7.91
7.45
7.47
7.57
7.42
7.60
7.72
7.99
7.73
7.75
7.56
7.29
7.27
7.23
7.37
7.84
7.81
7.14
7.36
7.62
7.46
7.43
7.47
7.74
7.59
7.42
7.90
7.77
7.82
7.53
7.19
7.19
7.18
7.64
7.61
7.52
7.68
7.96
7.85
7.76
7.44
7.94
7.49
7.64
7.87
7.56
8.14
7.24
7.25
7.19
7.69
7.70
7.78
7.79
7.83
7.48
9.00
7.63
7.90
7.62
7.59
7.53
8.00
7.50
7.31
7.26
7.20
7.69
7.52
7.44
7.39
7.86
7.42
8.78
7.67
7.49
7.83
7.70
8.08
7.63
7.48
7.31
7.31
7.51
7.79
7.64
7.81
7.93
8.09
7.48
7.67
7.45
7.77
8.29
7.63
7.59
7.65
7.25
7.30
7.20
7.60
7.60
7.67
7.41
7.47
7.56
7.45
7.62
8.04
7.48
7.74
7.59
7.79
7.05
7.29
7.24
7.62
7.55
7.70
7.53
7.90
7.66
7.61
7.48
7.65
7.67
7.64
7.50
8.97
7.69
7.37
7.27
7.22
7.57
7.48
7.66
7.37
7.49
7.41
7.56
7.93
7.98
8.69
7.50
7.41
7.52
7.61
7.26
7.24
7.24
7.48
7.75
7.39
7.55
7.84
7.75
7.22
7.59
7.58
7.64
7.61
7.53
7.64
7.23
7.20
7.36
7.90
7.53
7.77
7.66
7.50
7.52
7.25
7.13
7.32
7.44
7.30
7.26
7.94
7.39
7.58
7.29
7.28
7.22
7.19
7.43
7.59
7.96
7.19
7.48
7.49
7.10
7.46
7.22
7.23
7.14
7.31
7.68
7.39
8.81
7.83
7.26
7.61
7.45
7.79
7.59
7.43
7.58
7.46
7.19
7.23
7.15
7.60
7.56
8.77
7.49
7.30
7.56
7.47
7.46
7.60
7.89
7.61
7.32
7.72
7.27
7.24
7.20
8.71
7.44
7.44
7.84
7.42
8.80
8.03
7.68
7.83
7.64
7.52
7.10
7.94
7.32
7.25
7.23
7.34
7.49
7.26
7.86
7.57
7.32
7.76
7.19
7.57
7.44
7.72
7.64
7.58
7.35
7.24
7.22
7.23
7.37
7.31
7.64
7.84
7.38
7.65
7.71
7.51
7.57
7.88
7.65
7.75
7.14
7.27
7.22
7.47
7.53
7.89
7.52
7.82
7.56
7.41
7.60
7.25
7.77
7.68
7.67
8.01
7.76
7.27
7.20
6.91
8.97
7.47
7.87
7.46
7.61
8.50
7.44
7.36
7.30
7.31
7.42
7.42
7.88
7.26
7.15
6.86
7.39
7.36
7.27
7.41
7.44
7.27
7.60
7.39
7.16
7.33
7.27
7.52
7.45
7.20
7.10
7.03
7.19
7.56
7.10
7.11
7.24
7.49
8.52
7.39
7.42
7.21
7.18
7.27
7.17
7.37
7.51
7.39
7.58
7.12
7.41
7.43
9.05
7.51
7.15
7.42
7.61
7.52
7.45
7.36
7.43
7.22
7.16
6.86
7.14
8.05
9.02
7.55
7.63
7.22
7.12
7.00
7.78
7.49
7.37
7.49
7.23
7.32
7.24
7.45
7.65
7.78
7.53
7.21
7.34
7.18
7.13
7.06
7.68
7.62
7.59
7.32
7.92
7.57
7.35
7.62
7.64
7.32
7.67
7.55
7.22
7.45
7.15
7.07
7.58
7.63
7.81
7.46
7.55
7.65
8.64
7.59
7.85
7.62
7.49
7.34
7.41
7.54
7.14
7.05
6.87
7.40
7.73
7.40
7.50
7.54
7.42
7.54
8.06
7.71
7.61
7.44
7.68
7.11
7.15
7.02
7.57
7.45
7.53
7.77
7.39
7.47
7.85
7.67
7.63
7.59
7.51
7.51
7.78
7.25
7.18
7.12
9.14
7.37
7.52
7.61
7.42
7.33
7.30
7.63
7.45
7.62
7.29
7.46
7.56
7.24
7.20
7.17
7.35
8.06
7.74
7.76
7.45
7.86
7.91
7.49
7.29
7.59
7.41
7.22
7.48
7.18
7.16
7.12
7.54
7.37
7.47
7.96
7.38
7.50
7.35
7.31
7.55
7.50
7.22
7.44
7.80
7.15
7.19
7.16
7.23
7.71
7.39
7.30
7.56
7.38
7.53
7.16
7.25
7.33
7.30
7.49
7.23
7.34
7.18
7.14
7.15
7.56
8.94
7.63
7.80
7.76
8.48
7.28
7.16
7.38
7.82
7.48
7.48
7.70
7.48
7.50
7.24
7.31
7.17
7.18
7.10
7.31
7.61
7.40
7.70
7.30
7.24
7.46
7.19
7.21
7.11
7.32
7.13
7.80
7.57
8.50
7.33
7.25
7.37
7.37
7.51
7.15
7.52
7.24
7.47
7.16
7.16
7.07
7.27
7.25
7.40
7.17
7.40
7.33
7.20
7.72
7.14
7.40
7.41
7.39
7.46
7.28
7.19
7.11
7.29
7.62
7.16
7.50
7.17
7.59
7.80
7.57
7.34
7.34
7.56
7.15
7.44
7.52
7.35
7.22
7.18
7.09
7.29
7.79
7.50
7.21
7.70
7.53
7.39
7.27
7.78
7.46
7.57
7.43
7.47
7.40
7.21
7.17
7.12
7.40
7.75
7.41
7.54
7.09
7.19
8.67
7.41
7.41
7.41
7.33
7.32
7.27
7.54
7.38
7.14
7.04
6.91
7.01
7.37
7.24
7.10
7.34
7.26
7.76
7.51
7.12
7.60
7.23
7.18
7.20
7.33
7.06
7.01
7.01
7.21
7.46
7.42
7.45
7.23
7.38
7.36
7.36
7.30
7.31
7.47
7.36
7.41
7.32
7.55
7.12
7.03
7.45
6.97
7.38
7.01
7.12
7.34
7.38
8.84
7.56
7.27
7.35
7.40
7.23
7.55
7.66
7.11
7.09
7.07
8.47
7.82
7.37
7.37
8.61
7.23
7.46
7.53
7.74
7.53
7.32
7.28
7.46
7.47
7.07
7.11
7.05
7.42
7.75
7.34
7.12
7.36
7.31
7.18
7.59
7.42
7.81
7.60
7.68
7.45
7.10
7.55
7.47
7.40
7.28
7.58
7.42
7.29
7.08
7.51
7.79
7.50
7.34
7.56
7.50
7.74
7.59
7.25
7.55
7.35
7.38
7.55
7.11
7.12
7.04
7.03
7.01
6.97
7.17
7.41
7.49
7.44
7.45
7.32
8.56
7.39
7.81
7.41
7.35
7.71
7.79
7.62
7.14
7.12
7.01
8.03
7.25
7.18
7.19
7.44
7.48
7.52
7.38
7.30
7.25
7.51
7.64
7.21
7.42
7.13
7.12
7.30
7.28
7.67
7.47
7.52
7.20
7.25
7.16
7.53
7.54
7.58
7.26
7.41
7.16
7.56
7.16
7.16
7.13
7.53
7.43
7.35
7.45
7.39
7.49
7.71
7.54
7.66
7.61
7.30
7.74
7.48
7.48
7.11
7.20
7.10
7.50
7.33
7.54
7.36
7.39
7.40
7.38
7.49
7.67
7.22
7.31
7.43
7.81
7.39
7.44
7.16
7.14
6.96
7.50
7.41
7.47
7.31
7.40
7.37
7.26
7.59
7.84
7.31
7.54
7.27
7.50
7.43
7.06
7.18
7.09
7.36
7.59
7.77
7.45
7.33
7.30
7.39
7.31
7.51
7.44
7.29
7.57
7.45
7.55
7.36
7.16
7.15
6.70
7.04
7.00
7.55
7.75
7.98
7.65
7.38
7.72
7.49
7.64
7.36
7.16
7.24
7.34
7.61
7.23
7.22
7.72
7.69
7.73
7.41
7.32
7.13
7.15
7.08
7.63
8.75
7.80
7.25
7.64
7.22
7.45
8.60
7.22
7.11
7.15
7.12
7.05
7.34
7.35
7.18
7.83
7.18
7.59
7.47
7.16
7.32
7.43
7.47
7.16
7.70
7.55
7.17
7.17
7.26
7.85
7.43
7.30
7.61
7.23
7.55
7.53
