6.09
6.31
6.94
6.72
6.52
6.56
6.59
6.94
6.76
6.38
5.65
5.92
6.07
6.28
6.19
6.15
6.29
6.35
6.34
6.52
6.96
6.67
6.14
5.94
6.26
6.51
6.56
6.72
6.76
6.79
6.78
6.80
7.25
7.06
6.76
5.94
6.01
6.40
6.54
6.65
6.60
6.56
6.62
6.60
6.58
7.04
6.96
6.59
5.54
5.96
6.23
6.40
6.50
6.48
6.49
6.51
6.46
6.53
6.97
6.90
6.32
5.42
5.60
6.13
6.46
6.42
6.39
6.50
6.52
6.49
6.49
6.54
7.00
6.53
6.14
5.51
5.97
6.22
6.29
6.42
6.42
6.54
6.56
6.55
6.59
6.74
7.00
6.78
6.40
5.77
6.03
6.30
6.38
6.39
6.44
6.71
6.55
6.81
6.46
6.39
6.94
6.67
6.43
5.94
6.11
6.06
6.19
6.34
6.42
6.49
6.44
6.56
6.48
6.50
6.70
6.89
6.62
6.71
7.13
6.77
6.55
6.38
6.25
5.67
5.80
6.38
6.59
6.67
6.73
6.78
6.87
7.00
7.03
6.73
6.79
6.88
6.76
6.79
7.01
7.22
7.08
6.69
6.02
6.19
6.47
6.52
6.62
6.59
6.70
6.57
6.58
6.53
6.58
6.55
6.50
6.47
6.95
6.56
5.86
5.74
6.22
6.28
6.33
6.28
6.38
6.49
6.52
6.42
6.22
6.22
6.29
6.24
6.73
6.59
6.19
5.49
5.78
5.94
6.12
6.21
6.19
6.27
6.29
6.32
6.44
6.44
6.27
6.48
6.28
6.81
6.73
5.97
5.94
6.18
6.24
6.35
6.50
6.63
6.47
6.36
6.51
6.43
6.60
6.58
6.70
6.62
7.16
6.97
6.25
6.43
6.41
6.54
6.52
6.63
6.77
6.63
6.86
6.78
6.53
6.45
6.52
6.47
6.44
6.96
6.81
6.34
6.13
6.16
6.30
6.38
6.56
6.42
6.44
6.60
6.61
6.55
6.65
6.68
6.62
6.60
7.19
6.91
6.55
5.92
6.03
6.34
6.45
6.44
6.66
6.32
6.29
6.31
6.25
6.37
6.51
6.57
6.67
6.85
7.33
6.82
5.87
5.79
6.27
6.81
7.30
7.46
6.79
5.88
5.96
6.79
7.10
6.90
6.69
6.27
6.10
6.13
6.00
5.97
5.98
5.94
5.88
5.92
5.94
5.99
5.96
6.51
6.49
6.35
5.65
5.69
5.86
5.89
5.95
5.92
6.27
6.19
6.17
6.08
6.07
5.97
6.02
6.03
5.98
6.03
6.53
6.44
6.13
5.59
5.74
6.04
5.99
5.98
6.08
6.14
6.26
6.18
6.20
6.32
6.38
6.65
6.54
6.77
6.60
6.29
5.44
5.85
6.18
6.27
6.35
6.33
6.35
6.48
6.47
6.53
6.59
6.61
6.60
6.58
7.11
6.96
6.63
5.66
5.98
6.35
6.44
6.40
6.50
6.52
6.56
6.60
6.56
6.59
6.64
6.60
6.85
7.12
6.90
6.00
5.78
6.28
6.45
6.57
6.60
6.67
6.62
6.53
6.56
6.56
6.77
6.46
6.84
7.05
6.96
6.70
5.97
6.19
6.37
6.43
6.48
6.44
6.47
6.58
6.59
6.62
6.53
6.60
6.53
6.51
7.07
6.86
5.99
6.03
6.45
6.46
6.43
6.55
6.77
6.53
6.60
6.65
6.57
6.58
6.56
6.61
7.09
7.12
6.91
6.22
6.28
6.55
6.68
6.87
6.70
6.75
6.84
7.04
6.90
6.90
7.19
7.03
7.01
7.57
7.38
6.98
6.32
6.48
6.73
6.79
6.92
6.78
6.84
7.10
7.05
7.09
6.86
6.86
6.82
7.40
7.14
6.67
5.87
6.27
6.71
6.88
6.99
6.90
7.00
7.05
6.95
7.08
7.09
7.03
7.10
7.49
7.29
7.28
7.09
7.54
7.10
6.60
5.83
6.00
6.33
6.32
6.47
6.59
6.94
7.35
7.01
6.60
5.92
6.03
6.34
6.67
6.84
6.92
6.92
7.00
6.81
6.87
6.83
6.82
6.85
7.26
7.12
6.81
6.08
6.35
6.58
6.94
6.74
6.82
6.80
6.80
6.92
6.64
6.62
6.62
6.93
7.14
7.15
6.87
6.07
6.22
6.61
6.78
6.80
6.81
6.80
6.77
6.75
6.70
6.75
6.71
6.75
6.96
7.22
7.05
6.24
6.29
6.43
6.59
6.66
6.83
6.71
6.84
6.80
6.82
6.77
6.73
6.68
6.63
7.11
6.76
5.74
5.68
6.35
6.47
6.55
6.57
6.57
6.59
6.58
6.58
6.57
6.61
6.62
6.59
7.08
6.74
6.01
5.14
5.78
6.19
6.44
6.37
6.35
6.40
6.33
6.30
6.32
6.35
6.46
6.50
6.88
6.46
5.82
5.20
5.65
5.94
6.06
6.09
6.01
6.05
6.04
6.21
5.97
6.01
6.03
6.01
6.46
6.12
5.69
5.07
5.44
5.72
5.86
5.88
5.95
5.89
5.94
5.94
5.85
5.84
5.83
5.86
6.28
6.06
5.70
5.08
5.59
5.59
5.75
5.82
5.74
5.74
5.71
5.78
6.18
5.96
5.24
5.16
5.40
5.56
5.60
5.66
5.63
5.79
5.60
5.93
5.62
5.77
5.62
5.65
5.66
5.60
5.68
5.58
6.04
5.83
5.12
5.03
5.52
5.36
5.52
5.47
6.02
5.82
5.14
5.09
5.33
5.51
5.85
5.61
5.68
5.65
5.88
5.78
5.81
5.99
5.80
5.83
6.26
6.29
6.02
5.25
5.42
5.69
5.78
6.01
5.84
5.84
5.95
5.96
5.95
5.95
6.20
5.97
5.94
6.44
6.05
5.22
5.21
5.74
5.88
5.90
6.02
6.02
6.17
6.23
6.10
6.16
6.07
6.16
6.24
6.57
6.12
5.24
5.43
5.64
5.89
6.02
6.05
6.14
6.18
6.30
6.32
6.24
6.37
6.21
6.17
6.46
5.94
5.19
5.28
6.05
6.11
6.10
6.22
6.27
6.27
6.27
6.34
6.49
6.27
6.40
6.89
6.83
6.45
5.72
6.16
6.33
6.46
6.67
6.74
6.80
6.79
6.78
6.79
6.75
6.66
6.76
7.27
7.22
7.01
6.30
6.46
6.66
6.77
6.83
6.81
6.85
6.83
6.88
7.01
6.93
6.63
6.57
7.06
6.92
6.80
6.22
6.22
6.37
6.37
6.37
6.53
6.65
6.67
6.81
6.96
6.81
6.76
6.68
7.30
7.23
7.04
6.52
6.40
6.64
6.80
6.82
6.93
6.93
6.94
7.12
7.05
7.10
7.11
7.27
7.13
7.59
7.15
6.26
6.12
6.45
6.72
6.82
6.79
6.71
6.75
6.96
6.96
7.14
7.13
7.16
7.14
7.15
7.19
7.20
7.27
7.75
7.48
6.99
6.27
6.58
6.99
7.05
7.03
7.08
7.09
7.60
7.55
7.19
6.30
6.54
6.80
6.99
7.05
7.04
7.08
7.15
7.07
7.13
7.04
7.06
7.04
6.97
7.43
7.20
6.81
6.11
6.47
6.62
6.65
6.71
6.68
6.67
6.71
6.75
6.81
6.82
6.79
7.00
6.88
7.36
7.19
6.82
6.21
6.51
6.65
6.75
6.74
6.83
6.90
6.88
6.88
6.88
7.11
7.10
7.10
7.00
7.49
7.40
6.93
6.14
6.43
6.73
6.91
6.89
6.90
6.83
6.77
6.77
6.72
6.61
6.58
6.57
6.41
6.47
6.86
6.63
5.85
5.78
6.05
6.23
6.23
6.17
6.25
6.24
6.25
6.31
6.33
6.34
6.34
6.36
6.45
6.79
6.29
5.60
5.28
5.67
5.99
6.03
6.10
5.97
6.03
5.97
5.79
5.84
5.76
5.67
5.63
5.56
5.95
5.73
5.52
5.02
4.94
5.12
5.31
5.52
5.60
5.68
5.81
5.83
5.83
5.78
5.68
5.55
5.62
5.49
5.89
5.66
5.00
4.99
5.02
5.12
5.30
5.39
5.49
5.55
5.53
5.53
5.58
5.62
5.55
5.57
5.78
6.15
5.99
5.70
5.01
5.11
5.40
5.62
5.51
5.56
5.53
5.53
5.56
5.47
5.41
5.34
5.25
5.23
5.74
5.68
5.62
5.26
5.13
5.27
5.34
5.40
5.52
5.25
5.29
5.23
5.26
5.44
5.39
5.39
5.49
5.48
5.90
5.62
5.68
5.58
5.66
5.61
5.65
5.54
5.53
5.64
5.67
5.69
5.78
5.81
5.79
5.81
5.84
5.80
5.86
5.80
6.30
6.11
5.77
5.59
5.52
5.43
5.00
5.35
5.69
5.47
5.69
5.61
5.74
5.77
5.80
5.91
6.06
6.09
6.15
6.21
6.60
6.17
5.66
5.24
5.75
5.70
5.89
5.83
5.84
5.97
6.01
5.98
6.03
6.18
6.07
6.18
6.12
6.69
6.58
6.23
5.53
6.08
6.18
6.31
6.33
6.46
6.41
6.47
6.50
6.48
6.55
6.53
6.61
6.56
7.12
7.14
6.93
6.22
6.45
6.62
6.63
6.74
6.77
6.78
6.78
6.83
6.88
6.88
6.87
6.88
7.04
7.43
7.40
7.12
6.35
6.56
6.82
6.90
6.88
6.95
6.94
6.91
6.84
6.89
6.96
6.90
6.91
6.96
6.94
7.46
7.43
6.90
6.90
6.93
6.96
6.98
6.98
6.94
7.12
7.02
7.07
7.06
7.12
7.13
7.10
7.10
7.62
7.60
7.34
6.59
6.88
7.01
7.11
7.07
7.12
7.27
7.15
7.23
7.11
7.17
7.24
7.18
7.14
7.30
7.67
7.36
6.47
6.72
6.63
6.05
6.41
6.72
7.04
7.11
7.18
7.18
7.18
7.25
7.24
7.15
7.18
7.30
7.21
7.27
7.17
7.20
7.15
7.42
7.22
7.76
7.71
7.21
6.53
6.71
6.88
7.01
7.20
7.20
7.49
7.48
7.27
7.46
7.68
7.24
6.53
6.58
6.84
7.00
7.03
7.10
7.10
7.09
7.16
7.22
7.29
7.26
7.25
7.22
7.28
7.79
7.62
6.83
6.76
7.12
7.17
7.14
7.23
7.36
7.23
