0
8
15
23
31
39
46
54
62
69
77
85
93
100
108
116
124
131
139
147
155
162
170
178
185
193
201
209
216
224
232
240
247
255
263
270
278
286
294
301
309
317
325
332
340
348
356
363
371
379
386
394
402
410
417
425
433
441
448
456
464
472
479
487
495
502
510
518
526
533
541
549
557
564
572
580
588
595
603
611
618
626
634
642
649
657
665
673
680
688
696
704
711
719
727
734
742
750
758
765
773
781
789
796
804
812
820
827
835
843
850
858
866
874
881
889
897
905
912
920
928
936
943
951
959
966
974
982
990
997
1005
1013
1021
1028
1036
1044
1052
1059
1067
1075
1082
1090
1098
1106
1113
1121
1129
1137
1144
1152
1160
1168
1175
1183
1191
1198
1206
1214
1222
1229
1237
1245
1253
1260
1268
1276
1284
1291
1299
1307
1314
1322
1330
1338
1345
1353
1361
1369
1376
1384
1392
1400
1407
1415
1423
1430
1438
1446
1454
1461
1469
1477
1485
1492
1500
1508
1516
1523
1531
1539
1546
1554
1562
1570
1577
1585
1593
1601
1608
1616
1624
1632
1639
1647
1655
1662
1670
1678
1686
1693
1701
1709
1717
1724
1732
1740
1748
1755
1763
1771
1778
1786
1794
1802
1809
1817
1825
1833
1840
1848
1856
1864
1871
1879
1887
1894
1902
1910
1918
1925
1933
1941
1949
1956
1964
1972
1980
1987
1995
2003
2010
2018
2026
2034
2041
2049
2057
2065
2072
2080
2088
2096
2103
2111
2119
2126
2134
2142
2150
2157
2165
2173
2181
2188
2196
2204
2212
2219
2227
2235
2242
2250
2258
2266
2273
2281
2289
2297
2304
2312
2320
2328
2335
2343
2351
2358
2366
2374
2382
2389
2397
2405
2413
2420
2428
2436
2444
2451
2459
2467
2474
2482
2490
2498
2505
2513
2521
2529
2536
2544
2552
2560
2567
2575
2583
2590
2598
2606
2614
2621
2629
2637
2645
2652
2660
2668
2676
2683
2691
2699
2706
2714
2722
2730
2737
2745
2753
2761
2768
2776
2784
2791
2799
2807
2815
2822
2830
2838
2846
2853
2861
2869
2877
2884
2892
2900
2907
2915
2923
2931
2938
2946
2954
2962
2969
2977
2985
2993
3000
3008
3016
3023
3031
3039
3047
3054
3062
3070
3078
3085
3093
3101
3109
3116
3124
3132
3139
3147
3155
3163
3170
3178
3186
3194
3201
3209
3217
3225
3232
3240
3248
3255
3263
3271
3279
3286
3294
3302
3310
3317
3325
3333
3341
3348
3356
3364
3371
3379
3387
3395
3402
3410
3418
3426
3433
3441
3449
3457
3464
3472
3480
3487
3495
3503
3511
3518
3526
3534
3542
3549
3557
3565
3573
3580
3588
3596
3603
3611
3619
3627
3634
3642
3650
3658
3665
3673
3681
3689
3696
3704
3712
3720
3727
3735
3743
3750
3758
3766
3774
3781
3789
3797
3805
3812
3820
3828
3836
3843
3851
3859
3866
3874
3882
3890
3897
3905
3913
3921
3928
3936
3944
3952
3959
3967
3975
3982
3990
3998
4006
4013
4021
4029
4037
4044
4052
4060
4068
4075
4083
4091
4098
4106
4114
4122
4129
4137
4145
4153
4160
4168
4176
4183
4191
4199
4207
4214
4222
4230
4238
4245
4253
4261
4269
4276
4284
4292
4299
4307
4315
4323
4330
4338
4346
4354
4361
4369
4377
4385
4392
4400
4408
4415
4423
4431
4439
4446
4454
4462
4470
4477
4485
4493
4501
4508
4516
4524
4531
4539
4547
4555
4562
4570
4578
4586
4593
4601
4609
4617
4624
4632
4640
4647
4655
4663
4671
4678
4686
4694
4702
4709
4717
4725
4733
4740
4748
4756
4763
4771
4779
4787
4794
4802
4810
4818
4825
4833
4841
4849
4856
4864
4872
4879
4887
4895
4903
4910
4918
4926
4934
4941
4949
4957
4965
4972
4980
4988
4995
5003
5011
5019
5026
5034
5042
5050
5057
5065
5073
5081
5088
5096
5104
5111
5119
5127
5135
5142
5150
5158
5166
5173
5181
5189
5197
5204
5212
5220
5227
5235
5243
5251
5258
5266
5274
5282
5289
5297
5305
5313
5320
5328
5336
5343
5351
5359
5367
5374
5382
5390
5398
5405
5413
5421
5429
5436
5444
5452
5459
5467
5475
5483
5490
5498
5506
5514
5521
5529
5537
5545
5552
5560
5568
5575
5583
5591
5599
5606
5614
5622
5630
5637
5645
5653
5661
5668
5676
5684
5691
5699
5707
5715
5722
5730
5738
5746
5753
5761
5769
5777
5784
5792
5800
5807
5815
5823
5831
5838
5846
5854
5862
5869
5877
5885
5893
5900
5908
5916
5923
5931
5939
5947
5954
5962
5970
5978
5985
5993
6001
6009
6016
6024
6032
6039
6047
6055
6063
6070
6078
6086
6094
6101
6109
6117
6125
6132
6140
6148
6155
6163
6171
6179
6186
6194
6202
6210
6217
6225
6233
6240
6248
6256
6264
6271
6279
6287
6295
6302
6310
6318
6326
6333
6341
6349
6357
6364
6372
6380
6387
6395
6403
6411
6418
6426
6434
6442
6449
6457
6465
6473
6480
6488
6496
6503
6511
6519
6527
6534
6542
6550
6558
6565
6573
6581
6588
6596
6604
6612
6619
6627
6635
6643
6650
6658
6666
6674
6681
6689
6697
6704
6712
6720
6728
6735
6743
6751
6759
6766
6774
6782
6790
6797
6805
6813
6820
6828
6836
6844
6851
6859
6867
6875
6882
6890
6898
6906
6913
6921
6929
6937
6944
6952
6960
6967
6975
6983
6991
6998
7006
7014
7022
7029
7037
7045
7053
7060
7068
7076
7083
7091
7099
7107
7114
7122
7130
7138
7145
7153
7161
7169
7176
7184
7192
7199
7207
7215
7223
7230
7238
7246
7254
7261
7269
7277
7285
7292
7300
7308
7315
7323
7331
7339
7346
7354
7362
7370
7377
7385
7393
7401
7408
7416
7424
7431
7439
7447
7455
7462
7470
7478
7486
7493
7501
7509
7517
7524
7532
7540
7547
7555
7563
7571
7578
7586
7594
7602
7609
7617
7625
7633
7640
7648
7656
7663
7671
7679
7687
7694
7702
7710
7718
7725
7733
7741
7749
7756
7764
7772
7779
7787
7795
7803
7810
7818
7826
7834
7841
7849
7857
7865
7872
7880
7888
7895
7903
7911
7919
7926
7934
7942
7950
7957
7965
7973
7981
7988
7996
8004
8011
8019
8027
8035
8042
8050
8058
8066
8073
8081
8089
8097
8104
8112
8120
8127
8135
8143
8151
8158
8166
8174
8182
8189
8197
8205
8213
8220
8228
8236
8243
8251
8259
8267
8274
8282
8290
8298
8305
8313
8321
8329
8336
8344
8352
8359
8367
8375
8383
8390
8398
8406
8414
8421
8429
8437
8444
8452
8460
8468
8475
8483
8491
8499
8506
8514
8522
8530
8537
8545
8553
8560
8568
8576
8584
8591
8599
8607
8615
8622
8630
8638
8646
8653
8661
8669
8676
8684
8692
8700
8707
8715
8723
8731
8738
8746
8754
8762
8769
8777
8785
8792
8800
8808
8816
8823
8831
8839
8847
8854
8862
8870
8878
8885
8893
8901
8908
8916
8924
8932
8939
8947
8955
8963
8970
8978
8986
8994
9001
9009
9017
9024
9032
9040
9048
9055
9063
9071
9079
9086
9094
9102
9110
9117
9125
9133
9140
9148
9156
9164
9171
9179
9187
9195
9202
9210
9218
